customer_id,t,y,purchase_count,is_zero,lam_true,alpha_true,beta_true,pi_0_true
0,0,0.0,0,1,0.357,0.5,0.5,0.699772497734611
0,1,0.0,0,1,0.357,0.5,0.5,0.699772497734611
0,2,0.0,0,1,0.357,0.5,0.5,0.699772497734611
0,3,0.0,0,1,0.357,0.5,0.5,0.699772497734611
0,4,0.0,0,1,0.357,0.5,0.5,0.699772497734611
0,5,0.0,0,1,0.357,0.5,0.5,0.699772497734611
0,6,3.2760984539812585,2,0,0.357,0.5,0.5,0.699772497734611
0,7,0.0,0,1,0.357,0.5,0.5,0.699772497734611
0,8,1.5017363112748485,1,0,0.357,0.5,0.5,0.699772497734611
0,9,0.0,0,1,0.357,0.5,0.5,0.699772497734611
0,10,0.418273560838045,1,0,0.357,0.5,0.5,0.699772497734611
0,11,0.0,0,1,0.357,0.5,0.5,0.699772497734611
0,12,0.0,0,1,0.357,0.5,0.5,0.699772497734611
0,13,0.0,0,1,0.357,0.5,0.5,0.699772497734611
0,14,0.3278556695700329,1,0,0.357,0.5,0.5,0.699772497734611
0,15,0.04974265683955766,1,0,0.357,0.5,0.5,0.699772497734611
0,16,0.0,0,1,0.357,0.5,0.5,0.699772497734611
0,17,0.0,0,1,0.357,0.5,0.5,0.699772497734611
0,18,1.7458209679435421,1,0,0.357,0.5,0.5,0.699772497734611
0,19,0.3234136809964241,1,0,0.357,0.5,0.5,0.699772497734611
0,20,6.096164716153901,1,0,0.357,0.5,0.5,0.699772497734611
0,21,0.0,0,1,0.357,0.5,0.5,0.699772497734611
0,22,0.0,0,1,0.357,0.5,0.5,0.699772497734611
0,23,0.0,0,1,0.357,0.5,0.5,0.699772497734611
0,24,0.0,0,1,0.357,0.5,0.5,0.699772497734611
0,25,1.0225094479930792,1,0,0.357,0.5,0.5,0.699772497734611
0,26,0.005290117506649282,1,0,0.357,0.5,0.5,0.699772497734611
0,27,0.0,0,1,0.357,0.5,0.5,0.699772497734611
0,28,0.0,0,1,0.357,0.5,0.5,0.699772497734611
0,29,0.0,0,1,0.357,0.5,0.5,0.699772497734611
0,30,0.0,0,1,0.357,0.5,0.5,0.699772497734611
0,31,0.0,0,1,0.357,0.5,0.5,0.699772497734611
0,32,0.35671770760482896,1,0,0.357,0.5,0.5,0.699772497734611
0,33,0.0,0,1,0.357,0.5,0.5,0.699772497734611
0,34,0.0,0,1,0.357,0.5,0.5,0.699772497734611
0,35,0.00854312515943689,1,0,0.357,0.5,0.5,0.699772497734611
0,36,0.0,0,1,0.357,0.5,0.5,0.699772497734611
0,37,3.873720312088336,1,0,0.357,0.5,0.5,0.699772497734611
0,38,1.0313336535055018,1,0,0.357,0.5,0.5,0.699772497734611
0,39,0.0,0,1,0.357,0.5,0.5,0.699772497734611
0,40,0.15397212757887166,1,0,0.357,0.5,0.5,0.699772497734611
0,41,1.2690132164579704,2,0,0.357,0.5,0.5,0.699772497734611
0,42,0.0,0,1,0.357,0.5,0.5,0.699772497734611
0,43,0.0,0,1,0.357,0.5,0.5,0.699772497734611
0,44,0.0,0,1,0.357,0.5,0.5,0.699772497734611
0,45,0.0,0,1,0.357,0.5,0.5,0.699772497734611
0,46,0.0,0,1,0.357,0.5,0.5,0.699772497734611
0,47,0.0,0,1,0.357,0.5,0.5,0.699772497734611
0,48,0.0,0,1,0.357,0.5,0.5,0.699772497734611
0,49,0.0,0,1,0.357,0.5,0.5,0.699772497734611
1,0,0.17478194987755033,1,0,0.357,0.5,0.5,0.699772497734611
1,1,0.0,0,1,0.357,0.5,0.5,0.699772497734611
1,2,0.0,0,1,0.357,0.5,0.5,0.699772497734611
1,3,0.0,0,1,0.357,0.5,0.5,0.699772497734611
1,4,0.0,0,1,0.357,0.5,0.5,0.699772497734611
1,5,0.04469879903372211,1,0,0.357,0.5,0.5,0.699772497734611
1,6,0.0,0,1,0.357,0.5,0.5,0.699772497734611
1,7,9.30905741110141,2,0,0.357,0.5,0.5,0.699772497734611
1,8,2.4288128123713917,1,0,0.357,0.5,0.5,0.699772497734611
1,9,0.0,0,1,0.357,0.5,0.5,0.699772497734611
1,10,1.3519343220742701,1,0,0.357,0.5,0.5,0.699772497734611
1,11,0.0,0,1,0.357,0.5,0.5,0.699772497734611
1,12,0.0,0,1,0.357,0.5,0.5,0.699772497734611
1,13,0.0,0,1,0.357,0.5,0.5,0.699772497734611
1,14,0.0,0,1,0.357,0.5,0.5,0.699772497734611
1,15,0.0,0,1,0.357,0.5,0.5,0.699772497734611
1,16,0.0,0,1,0.357,0.5,0.5,0.699772497734611
1,17,0.0,0,1,0.357,0.5,0.5,0.699772497734611
1,18,0.6262225361688349,1,0,0.357,0.5,0.5,0.699772497734611
1,19,1.0661035251862951,1,0,0.357,0.5,0.5,0.699772497734611
1,20,0.0,0,1,0.357,0.5,0.5,0.699772497734611
1,21,0.0,0,1,0.357,0.5,0.5,0.699772497734611
1,22,0.0,0,1,0.357,0.5,0.5,0.699772497734611
1,23,0.0,0,1,0.357,0.5,0.5,0.699772497734611
1,24,0.0,0,1,0.357,0.5,0.5,0.699772497734611
1,25,0.26932350969533503,1,0,0.357,0.5,0.5,0.699772497734611
1,26,0.0,0,1,0.357,0.5,0.5,0.699772497734611
1,27,0.0,0,1,0.357,0.5,0.5,0.699772497734611
1,28,0.12880458729018332,1,0,0.357,0.5,0.5,0.699772497734611
1,29,0.0,0,1,0.357,0.5,0.5,0.699772497734611
1,30,0.0,0,1,0.357,0.5,0.5,0.699772497734611
1,31,0.0,0,1,0.357,0.5,0.5,0.699772497734611
1,32,0.0,0,1,0.357,0.5,0.5,0.699772497734611
1,33,0.0,0,1,0.357,0.5,0.5,0.699772497734611
1,34,0.9300365897659395,2,0,0.357,0.5,0.5,0.699772497734611
1,35,1.4699290439607946,1,0,0.357,0.5,0.5,0.699772497734611
1,36,0.07272248847678418,1,0,0.357,0.5,0.5,0.699772497734611
1,37,0.21224602028828546,1,0,0.357,0.5,0.5,0.699772497734611
1,38,0.0,0,1,0.357,0.5,0.5,0.699772497734611
1,39,0.0,0,1,0.357,0.5,0.5,0.699772497734611
1,40,0.22324273655451074,1,0,0.357,0.5,0.5,0.699772497734611
1,41,0.0,0,1,0.357,0.5,0.5,0.699772497734611
1,42,0.30021254130802905,1,0,0.357,0.5,0.5,0.699772497734611
1,43,0.0,0,1,0.357,0.5,0.5,0.699772497734611
1,44,0.0,0,1,0.357,0.5,0.5,0.699772497734611
1,45,0.0,0,1,0.357,0.5,0.5,0.699772497734611
1,46,1.050536184596174,1,0,0.357,0.5,0.5,0.699772497734611
1,47,1.2769347567965181,1,0,0.357,0.5,0.5,0.699772497734611
1,48,0.0,0,1,0.357,0.5,0.5,0.699772497734611
1,49,0.0,0,1,0.357,0.5,0.5,0.699772497734611
2,0,0.0,0,1,0.357,0.5,0.5,0.699772497734611
2,1,0.0,0,1,0.357,0.5,0.5,0.699772497734611
2,2,1.1309549769257081,1,0,0.357,0.5,0.5,0.699772497734611
2,3,0.17806069744915223,1,0,0.357,0.5,0.5,0.699772497734611
2,4,0.8188771116681157,1,0,0.357,0.5,0.5,0.699772497734611
2,5,0.0,0,1,0.357,0.5,0.5,0.699772497734611
2,6,0.0,0,1,0.357,0.5,0.5,0.699772497734611
2,7,0.0,0,1,0.357,0.5,0.5,0.699772497734611
2,8,0.0,0,1,0.357,0.5,0.5,0.699772497734611
2,9,0.0,0,1,0.357,0.5,0.5,0.699772497734611
2,10,4.329961865113693,1,0,0.357,0.5,0.5,0.699772497734611
2,11,0.0,0,1,0.357,0.5,0.5,0.699772497734611
2,12,0.0,0,1,0.357,0.5,0.5,0.699772497734611
2,13,0.0,0,1,0.357,0.5,0.5,0.699772497734611
2,14,0.0,0,1,0.357,0.5,0.5,0.699772497734611
2,15,0.0,0,1,0.357,0.5,0.5,0.699772497734611
2,16,0.0,0,1,0.357,0.5,0.5,0.699772497734611
2,17,0.0,0,1,0.357,0.5,0.5,0.699772497734611
2,18,0.0,0,1,0.357,0.5,0.5,0.699772497734611
2,19,0.0,0,1,0.357,0.5,0.5,0.699772497734611
2,20,1.454680030256665,3,0,0.357,0.5,0.5,0.699772497734611
2,21,0.0,0,1,0.357,0.5,0.5,0.699772497734611
2,22,0.0,0,1,0.357,0.5,0.5,0.699772497734611
2,23,0.0003770232151102134,1,0,0.357,0.5,0.5,0.699772497734611
2,24,0.0,0,1,0.357,0.5,0.5,0.699772497734611
2,25,4.0838661040695,1,0,0.357,0.5,0.5,0.699772497734611
2,26,0.0,0,1,0.357,0.5,0.5,0.699772497734611
2,27,0.028517790795931516,1,0,0.357,0.5,0.5,0.699772497734611
2,28,0.0,0,1,0.357,0.5,0.5,0.699772497734611
2,29,0.8780471345376957,1,0,0.357,0.5,0.5,0.699772497734611
2,30,0.0,0,1,0.357,0.5,0.5,0.699772497734611
2,31,0.0,0,1,0.357,0.5,0.5,0.699772497734611
2,32,4.430803578509876,2,0,0.357,0.5,0.5,0.699772497734611
2,33,0.0,0,1,0.357,0.5,0.5,0.699772497734611
2,34,0.0,0,1,0.357,0.5,0.5,0.699772497734611
2,35,0.10915613440111052,1,0,0.357,0.5,0.5,0.699772497734611
2,36,0.0,0,1,0.357,0.5,0.5,0.699772497734611
2,37,0.0,0,1,0.357,0.5,0.5,0.699772497734611
2,38,0.0,0,1,0.357,0.5,0.5,0.699772497734611
2,39,3.8788355619087445,1,0,0.357,0.5,0.5,0.699772497734611
2,40,0.0,0,1,0.357,0.5,0.5,0.699772497734611
2,41,1.1850825721123863,1,0,0.357,0.5,0.5,0.699772497734611
2,42,0.0,0,1,0.357,0.5,0.5,0.699772497734611
2,43,0.0,0,1,0.357,0.5,0.5,0.699772497734611
2,44,0.0,0,1,0.357,0.5,0.5,0.699772497734611
2,45,0.0,0,1,0.357,0.5,0.5,0.699772497734611
2,46,2.869489687741671,2,0,0.357,0.5,0.5,0.699772497734611
2,47,0.0,0,1,0.357,0.5,0.5,0.699772497734611
2,48,0.14399729986708423,1,0,0.357,0.5,0.5,0.699772497734611
2,49,0.0,0,1,0.357,0.5,0.5,0.699772497734611
3,0,0.0037596001908709355,1,0,0.357,0.5,0.5,0.699772497734611
3,1,0.0,0,1,0.357,0.5,0.5,0.699772497734611
3,2,0.0,0,1,0.357,0.5,0.5,0.699772497734611
3,3,0.0,0,1,0.357,0.5,0.5,0.699772497734611
3,4,0.0,0,1,0.357,0.5,0.5,0.699772497734611
3,5,0.0,0,1,0.357,0.5,0.5,0.699772497734611
3,6,0.0,0,1,0.357,0.5,0.5,0.699772497734611
3,7,2.4757954969661906,1,0,0.357,0.5,0.5,0.699772497734611
3,8,0.0,0,1,0.357,0.5,0.5,0.699772497734611
3,9,0.0,0,1,0.357,0.5,0.5,0.699772497734611
3,10,0.40744008084075883,1,0,0.357,0.5,0.5,0.699772497734611
3,11,0.0,0,1,0.357,0.5,0.5,0.699772497734611
3,12,0.0,0,1,0.357,0.5,0.5,0.699772497734611
3,13,0.03355990921778281,1,0,0.357,0.5,0.5,0.699772497734611
3,14,0.0,0,1,0.357,0.5,0.5,0.699772497734611
3,15,1.7175648097588672,1,0,0.357,0.5,0.5,0.699772497734611
3,16,0.0,0,1,0.357,0.5,0.5,0.699772497734611
3,17,0.0,0,1,0.357,0.5,0.5,0.699772497734611
3,18,0.0,0,1,0.357,0.5,0.5,0.699772497734611
3,19,0.0,0,1,0.357,0.5,0.5,0.699772497734611
3,20,0.0,0,1,0.357,0.5,0.5,0.699772497734611
3,21,0.00622316448228509,1,0,0.357,0.5,0.5,0.699772497734611
3,22,0.0,0,1,0.357,0.5,0.5,0.699772497734611
3,23,0.6258295398946001,1,0,0.357,0.5,0.5,0.699772497734611
3,24,0.07444375399184625,2,0,0.357,0.5,0.5,0.699772497734611
3,25,0.0,0,1,0.357,0.5,0.5,0.699772497734611
3,26,0.0,0,1,0.357,0.5,0.5,0.699772497734611
3,27,0.0,0,1,0.357,0.5,0.5,0.699772497734611
3,28,0.0,0,1,0.357,0.5,0.5,0.699772497734611
3,29,0.0,0,1,0.357,0.5,0.5,0.699772497734611
3,30,0.002575875447088745,1,0,0.357,0.5,0.5,0.699772497734611
3,31,0.9571904932797902,1,0,0.357,0.5,0.5,0.699772497734611
3,32,0.0,0,1,0.357,0.5,0.5,0.699772497734611
3,33,0.9869065963026404,1,0,0.357,0.5,0.5,0.699772497734611
3,34,0.0,0,1,0.357,0.5,0.5,0.699772497734611
3,35,0.0,0,1,0.357,0.5,0.5,0.699772497734611
3,36,0.0,0,1,0.357,0.5,0.5,0.699772497734611
3,37,0.008873782147815498,1,0,0.357,0.5,0.5,0.699772497734611
3,38,0.045847947956636395,1,0,0.357,0.5,0.5,0.699772497734611
3,39,0.0,0,1,0.357,0.5,0.5,0.699772497734611
3,40,0.0,0,1,0.357,0.5,0.5,0.699772497734611
3,41,0.0,0,1,0.357,0.5,0.5,0.699772497734611
3,42,0.0,0,1,0.357,0.5,0.5,0.699772497734611
3,43,0.0,0,1,0.357,0.5,0.5,0.699772497734611
3,44,0.42949147801717213,1,0,0.357,0.5,0.5,0.699772497734611
3,45,2.5063241426291722,1,0,0.357,0.5,0.5,0.699772497734611
3,46,0.0,0,1,0.357,0.5,0.5,0.699772497734611
3,47,2.4596959358946644,1,0,0.357,0.5,0.5,0.699772497734611
3,48,0.12905415085875951,1,0,0.357,0.5,0.5,0.699772497734611
3,49,0.6880223360666409,1,0,0.357,0.5,0.5,0.699772497734611
4,0,0.8463830409986757,1,0,0.357,0.5,0.5,0.699772497734611
4,1,2.3108013178332296,1,0,0.357,0.5,0.5,0.699772497734611
4,2,0.6384557332967,1,0,0.357,0.5,0.5,0.699772497734611
4,3,0.1515887700153148,1,0,0.357,0.5,0.5,0.699772497734611
4,4,0.0,0,1,0.357,0.5,0.5,0.699772497734611
4,5,0.0,0,1,0.357,0.5,0.5,0.699772497734611
4,6,0.0,0,1,0.357,0.5,0.5,0.699772497734611
4,7,0.0,0,1,0.357,0.5,0.5,0.699772497734611
4,8,0.0,0,1,0.357,0.5,0.5,0.699772497734611
4,9,2.322829096661565,2,0,0.357,0.5,0.5,0.699772497734611
4,10,0.0,0,1,0.357,0.5,0.5,0.699772497734611
4,11,0.9937787739121137,2,0,0.357,0.5,0.5,0.699772497734611
4,12,0.0,0,1,0.357,0.5,0.5,0.699772497734611
4,13,0.0,0,1,0.357,0.5,0.5,0.699772497734611
4,14,0.0,0,1,0.357,0.5,0.5,0.699772497734611
4,15,0.0,0,1,0.357,0.5,0.5,0.699772497734611
4,16,0.0,0,1,0.357,0.5,0.5,0.699772497734611
4,17,0.03529645700714494,1,0,0.357,0.5,0.5,0.699772497734611
4,18,0.0,0,1,0.357,0.5,0.5,0.699772497734611
4,19,0.0,0,1,0.357,0.5,0.5,0.699772497734611
4,20,0.008586033731049637,1,0,0.357,0.5,0.5,0.699772497734611
4,21,0.0,0,1,0.357,0.5,0.5,0.699772497734611
4,22,0.0,0,1,0.357,0.5,0.5,0.699772497734611
4,23,0.08093707327665169,1,0,0.357,0.5,0.5,0.699772497734611
4,24,0.0,0,1,0.357,0.5,0.5,0.699772497734611
4,25,0.0,0,1,0.357,0.5,0.5,0.699772497734611
4,26,0.0,0,1,0.357,0.5,0.5,0.699772497734611
4,27,0.22908395680272345,1,0,0.357,0.5,0.5,0.699772497734611
4,28,0.0,0,1,0.357,0.5,0.5,0.699772497734611
4,29,0.0,0,1,0.357,0.5,0.5,0.699772497734611
4,30,0.0,0,1,0.357,0.5,0.5,0.699772497734611
4,31,0.0,0,1,0.357,0.5,0.5,0.699772497734611
4,32,0.09383409423779633,1,0,0.357,0.5,0.5,0.699772497734611
4,33,2.2245339352062854,1,0,0.357,0.5,0.5,0.699772497734611
4,34,0.0,0,1,0.357,0.5,0.5,0.699772497734611
4,35,0.0,0,1,0.357,0.5,0.5,0.699772497734611
4,36,0.10425908919655699,1,0,0.357,0.5,0.5,0.699772497734611
4,37,0.0,0,1,0.357,0.5,0.5,0.699772497734611
4,38,0.0,0,1,0.357,0.5,0.5,0.699772497734611
4,39,0.0,0,1,0.357,0.5,0.5,0.699772497734611
4,40,0.9610175552204411,1,0,0.357,0.5,0.5,0.699772497734611
4,41,0.0,0,1,0.357,0.5,0.5,0.699772497734611
4,42,0.0,0,1,0.357,0.5,0.5,0.699772497734611
4,43,0.0,0,1,0.357,0.5,0.5,0.699772497734611
4,44,0.0,0,1,0.357,0.5,0.5,0.699772497734611
4,45,0.0,0,1,0.357,0.5,0.5,0.699772497734611
4,46,0.0,0,1,0.357,0.5,0.5,0.699772497734611
4,47,0.0,0,1,0.357,0.5,0.5,0.699772497734611
4,48,0.0,0,1,0.357,0.5,0.5,0.699772497734611
4,49,0.002777787985669573,1,0,0.357,0.5,0.5,0.699772497734611
5,0,0.0,0,1,0.357,0.5,0.5,0.699772497734611
5,1,0.0,0,1,0.357,0.5,0.5,0.699772497734611
5,2,0.0,0,1,0.357,0.5,0.5,0.699772497734611
5,3,0.0,0,1,0.357,0.5,0.5,0.699772497734611
5,4,0.0,0,1,0.357,0.5,0.5,0.699772497734611
5,5,0.0,0,1,0.357,0.5,0.5,0.699772497734611
5,6,0.0,0,1,0.357,0.5,0.5,0.699772497734611
5,7,6.606147630239719,1,0,0.357,0.5,0.5,0.699772497734611
5,8,0.0,0,1,0.357,0.5,0.5,0.699772497734611
5,9,0.0,0,1,0.357,0.5,0.5,0.699772497734611
5,10,0.0,0,1,0.357,0.5,0.5,0.699772497734611
5,11,5.903466793551387,1,0,0.357,0.5,0.5,0.699772497734611
5,12,0.20564648551878215,1,0,0.357,0.5,0.5,0.699772497734611
5,13,0.0,0,1,0.357,0.5,0.5,0.699772497734611
5,14,0.0,0,1,0.357,0.5,0.5,0.699772497734611
5,15,0.0,0,1,0.357,0.5,0.5,0.699772497734611
5,16,0.0,0,1,0.357,0.5,0.5,0.699772497734611
5,17,0.0,0,1,0.357,0.5,0.5,0.699772497734611
5,18,0.0067254586240970944,1,0,0.357,0.5,0.5,0.699772497734611
5,19,0.0,0,1,0.357,0.5,0.5,0.699772497734611
5,20,0.0,0,1,0.357,0.5,0.5,0.699772497734611
5,21,0.0,0,1,0.357,0.5,0.5,0.699772497734611
5,22,0.0,0,1,0.357,0.5,0.5,0.699772497734611
5,23,0.0,0,1,0.357,0.5,0.5,0.699772497734611
5,24,0.0,0,1,0.357,0.5,0.5,0.699772497734611
5,25,0.0,0,1,0.357,0.5,0.5,0.699772497734611
5,26,0.0,0,1,0.357,0.5,0.5,0.699772497734611
5,27,0.0,0,1,0.357,0.5,0.5,0.699772497734611
5,28,0.0,0,1,0.357,0.5,0.5,0.699772497734611
5,29,0.0,0,1,0.357,0.5,0.5,0.699772497734611
5,30,0.0,0,1,0.357,0.5,0.5,0.699772497734611
5,31,0.0,0,1,0.357,0.5,0.5,0.699772497734611
5,32,0.0,0,1,0.357,0.5,0.5,0.699772497734611
5,33,2.6811052735444103,2,0,0.357,0.5,0.5,0.699772497734611
5,34,0.038877956726781876,2,0,0.357,0.5,0.5,0.699772497734611
5,35,0.0,0,1,0.357,0.5,0.5,0.699772497734611
5,36,0.0,0,1,0.357,0.5,0.5,0.699772497734611
5,37,0.0,0,1,0.357,0.5,0.5,0.699772497734611
5,38,0.7339435885946405,1,0,0.357,0.5,0.5,0.699772497734611
5,39,0.0,0,1,0.357,0.5,0.5,0.699772497734611
5,40,0.0,0,1,0.357,0.5,0.5,0.699772497734611
5,41,0.0,0,1,0.357,0.5,0.5,0.699772497734611
5,42,0.06746528251675547,2,0,0.357,0.5,0.5,0.699772497734611
5,43,0.0,0,1,0.357,0.5,0.5,0.699772497734611
5,44,0.0,0,1,0.357,0.5,0.5,0.699772497734611
5,45,0.041231302804672645,1,0,0.357,0.5,0.5,0.699772497734611
5,46,0.0,0,1,0.357,0.5,0.5,0.699772497734611
5,47,3.444529058864651,2,0,0.357,0.5,0.5,0.699772497734611
5,48,0.0,0,1,0.357,0.5,0.5,0.699772497734611
5,49,0.0,0,1,0.357,0.5,0.5,0.699772497734611
6,0,0.0,0,1,0.357,0.5,0.5,0.699772497734611
6,1,0.31168192627876173,1,0,0.357,0.5,0.5,0.699772497734611
6,2,0.24719507059994747,1,0,0.357,0.5,0.5,0.699772497734611
6,3,1.0001725690333414,1,0,0.357,0.5,0.5,0.699772497734611
6,4,0.0,0,1,0.357,0.5,0.5,0.699772497734611
6,5,0.0,0,1,0.357,0.5,0.5,0.699772497734611
6,6,0.0,0,1,0.357,0.5,0.5,0.699772497734611
6,7,0.6749695438086758,2,0,0.357,0.5,0.5,0.699772497734611
6,8,0.7611721119409117,2,0,0.357,0.5,0.5,0.699772497734611
6,9,0.0,0,1,0.357,0.5,0.5,0.699772497734611
6,10,0.0,0,1,0.357,0.5,0.5,0.699772497734611
6,11,0.0,0,1,0.357,0.5,0.5,0.699772497734611
6,12,0.0,0,1,0.357,0.5,0.5,0.699772497734611
6,13,0.0,0,1,0.357,0.5,0.5,0.699772497734611
6,14,0.24732717150385602,1,0,0.357,0.5,0.5,0.699772497734611
6,15,0.0,0,1,0.357,0.5,0.5,0.699772497734611
6,16,0.0,0,1,0.357,0.5,0.5,0.699772497734611
6,17,0.0,0,1,0.357,0.5,0.5,0.699772497734611
6,18,0.6874299766234004,1,0,0.357,0.5,0.5,0.699772497734611
6,19,0.0,0,1,0.357,0.5,0.5,0.699772497734611
6,20,1.5304132406636135,1,0,0.357,0.5,0.5,0.699772497734611
6,21,0.6559141246352866,1,0,0.357,0.5,0.5,0.699772497734611
6,22,0.0,0,1,0.357,0.5,0.5,0.699772497734611
6,23,0.0,0,1,0.357,0.5,0.5,0.699772497734611
6,24,0.0,0,1,0.357,0.5,0.5,0.699772497734611
6,25,0.0,0,1,0.357,0.5,0.5,0.699772497734611
6,26,0.0,0,1,0.357,0.5,0.5,0.699772497734611
6,27,0.0,0,1,0.357,0.5,0.5,0.699772497734611
6,28,0.0,0,1,0.357,0.5,0.5,0.699772497734611
6,29,7.145963992314059,3,0,0.357,0.5,0.5,0.699772497734611
6,30,0.0,0,1,0.357,0.5,0.5,0.699772497734611
6,31,0.0,0,1,0.357,0.5,0.5,0.699772497734611
6,32,0.0,0,1,0.357,0.5,0.5,0.699772497734611
6,33,0.0,0,1,0.357,0.5,0.5,0.699772497734611
6,34,0.0,0,1,0.357,0.5,0.5,0.699772497734611
6,35,0.0,0,1,0.357,0.5,0.5,0.699772497734611
6,36,0.0,0,1,0.357,0.5,0.5,0.699772497734611
6,37,0.0,0,1,0.357,0.5,0.5,0.699772497734611
6,38,0.0,0,1,0.357,0.5,0.5,0.699772497734611
6,39,0.0,0,1,0.357,0.5,0.5,0.699772497734611
6,40,0.3047623456362211,1,0,0.357,0.5,0.5,0.699772497734611
6,41,0.0,0,1,0.357,0.5,0.5,0.699772497734611
6,42,1.9740095209639053,2,0,0.357,0.5,0.5,0.699772497734611
6,43,0.0,0,1,0.357,0.5,0.5,0.699772497734611
6,44,0.0,0,1,0.357,0.5,0.5,0.699772497734611
6,45,0.0,0,1,0.357,0.5,0.5,0.699772497734611
6,46,0.0,0,1,0.357,0.5,0.5,0.699772497734611
6,47,0.0,0,1,0.357,0.5,0.5,0.699772497734611
6,48,0.05450151817124932,1,0,0.357,0.5,0.5,0.699772497734611
6,49,0.0,0,1,0.357,0.5,0.5,0.699772497734611
7,0,0.0,0,1,0.357,0.5,0.5,0.699772497734611
7,1,0.0,0,1,0.357,0.5,0.5,0.699772497734611
7,2,0.0,0,1,0.357,0.5,0.5,0.699772497734611
7,3,0.0,0,1,0.357,0.5,0.5,0.699772497734611
7,4,0.0,0,1,0.357,0.5,0.5,0.699772497734611
7,5,0.0,0,1,0.357,0.5,0.5,0.699772497734611
7,6,0.0,0,1,0.357,0.5,0.5,0.699772497734611
7,7,0.2598338703090555,1,0,0.357,0.5,0.5,0.699772497734611
7,8,0.0,0,1,0.357,0.5,0.5,0.699772497734611
7,9,0.0,0,1,0.357,0.5,0.5,0.699772497734611
7,10,0.0,0,1,0.357,0.5,0.5,0.699772497734611
7,11,0.0,0,1,0.357,0.5,0.5,0.699772497734611
7,12,0.0,0,1,0.357,0.5,0.5,0.699772497734611
7,13,0.3100210755273359,1,0,0.357,0.5,0.5,0.699772497734611
7,14,0.0,0,1,0.357,0.5,0.5,0.699772497734611
7,15,0.6062598169497279,1,0,0.357,0.5,0.5,0.699772497734611
7,16,1.8138435419123957,1,0,0.357,0.5,0.5,0.699772497734611
7,17,0.0,0,1,0.357,0.5,0.5,0.699772497734611
7,18,0.0,0,1,0.357,0.5,0.5,0.699772497734611
7,19,0.0,0,1,0.357,0.5,0.5,0.699772497734611
7,20,0.0,0,1,0.357,0.5,0.5,0.699772497734611
7,21,0.0,0,1,0.357,0.5,0.5,0.699772497734611
7,22,0.0,0,1,0.357,0.5,0.5,0.699772497734611
7,23,0.0,0,1,0.357,0.5,0.5,0.699772497734611
7,24,1.4865592502553255,1,0,0.357,0.5,0.5,0.699772497734611
7,25,0.0,0,1,0.357,0.5,0.5,0.699772497734611
7,26,0.0,0,1,0.357,0.5,0.5,0.699772497734611
7,27,0.5113884137291137,1,0,0.357,0.5,0.5,0.699772497734611
7,28,0.0,0,1,0.357,0.5,0.5,0.699772497734611
7,29,0.0,0,1,0.357,0.5,0.5,0.699772497734611
7,30,0.11549407299974397,1,0,0.357,0.5,0.5,0.699772497734611
7,31,0.0,0,1,0.357,0.5,0.5,0.699772497734611
7,32,0.5359110633633893,1,0,0.357,0.5,0.5,0.699772497734611
7,33,0.027193114350313387,1,0,0.357,0.5,0.5,0.699772497734611
7,34,0.0,0,1,0.357,0.5,0.5,0.699772497734611
7,35,0.0,0,1,0.357,0.5,0.5,0.699772497734611
7,36,0.0,0,1,0.357,0.5,0.5,0.699772497734611
7,37,0.0,0,1,0.357,0.5,0.5,0.699772497734611
7,38,0.0,0,1,0.357,0.5,0.5,0.699772497734611
7,39,0.0,0,1,0.357,0.5,0.5,0.699772497734611
7,40,0.0,0,1,0.357,0.5,0.5,0.699772497734611
7,41,0.0,0,1,0.357,0.5,0.5,0.699772497734611
7,42,0.0,0,1,0.357,0.5,0.5,0.699772497734611
7,43,0.0,0,1,0.357,0.5,0.5,0.699772497734611
7,44,0.0,0,1,0.357,0.5,0.5,0.699772497734611
7,45,0.0,0,1,0.357,0.5,0.5,0.699772497734611
7,46,0.0,0,1,0.357,0.5,0.5,0.699772497734611
7,47,2.5126939627201472,1,0,0.357,0.5,0.5,0.699772497734611
7,48,0.0,0,1,0.357,0.5,0.5,0.699772497734611
7,49,0.0,0,1,0.357,0.5,0.5,0.699772497734611
8,0,0.0,0,1,0.357,0.5,0.5,0.699772497734611
8,1,0.0,0,1,0.357,0.5,0.5,0.699772497734611
8,2,0.0,0,1,0.357,0.5,0.5,0.699772497734611
8,3,0.0,0,1,0.357,0.5,0.5,0.699772497734611
8,4,0.039338806076887486,1,0,0.357,0.5,0.5,0.699772497734611
8,5,0.0,0,1,0.357,0.5,0.5,0.699772497734611
8,6,0.2363275064183119,1,0,0.357,0.5,0.5,0.699772497734611
8,7,4.854851613658796,1,0,0.357,0.5,0.5,0.699772497734611
8,8,0.0,0,1,0.357,0.5,0.5,0.699772497734611
8,9,0.2922900312793735,1,0,0.357,0.5,0.5,0.699772497734611
8,10,0.4564958432377065,1,0,0.357,0.5,0.5,0.699772497734611
8,11,0.6686724595614778,1,0,0.357,0.5,0.5,0.699772497734611
8,12,0.0,0,1,0.357,0.5,0.5,0.699772497734611
8,13,0.0,0,1,0.357,0.5,0.5,0.699772497734611
8,14,0.0,0,1,0.357,0.5,0.5,0.699772497734611
8,15,0.036912685794437954,1,0,0.357,0.5,0.5,0.699772497734611
8,16,0.0,0,1,0.357,0.5,0.5,0.699772497734611
8,17,0.0,0,1,0.357,0.5,0.5,0.699772497734611
8,18,0.42258672181408025,2,0,0.357,0.5,0.5,0.699772497734611
8,19,0.0,0,1,0.357,0.5,0.5,0.699772497734611
8,20,0.0,0,1,0.357,0.5,0.5,0.699772497734611
8,21,0.0,0,1,0.357,0.5,0.5,0.699772497734611
8,22,0.0,0,1,0.357,0.5,0.5,0.699772497734611
8,23,0.0,0,1,0.357,0.5,0.5,0.699772497734611
8,24,0.0,0,1,0.357,0.5,0.5,0.699772497734611
8,25,0.0,0,1,0.357,0.5,0.5,0.699772497734611
8,26,4.023187994780632,1,0,0.357,0.5,0.5,0.699772497734611
8,27,0.0,0,1,0.357,0.5,0.5,0.699772497734611
8,28,0.0,0,1,0.357,0.5,0.5,0.699772497734611
8,29,0.0,0,1,0.357,0.5,0.5,0.699772497734611
8,30,0.0,0,1,0.357,0.5,0.5,0.699772497734611
8,31,0.0,0,1,0.357,0.5,0.5,0.699772497734611
8,32,0.0,0,1,0.357,0.5,0.5,0.699772497734611
8,33,0.5707932170129424,1,0,0.357,0.5,0.5,0.699772497734611
8,34,0.0,0,1,0.357,0.5,0.5,0.699772497734611
8,35,0.0,0,1,0.357,0.5,0.5,0.699772497734611
8,36,0.0,0,1,0.357,0.5,0.5,0.699772497734611
8,37,0.0,0,1,0.357,0.5,0.5,0.699772497734611
8,38,0.0,0,1,0.357,0.5,0.5,0.699772497734611
8,39,0.9673403667589722,1,0,0.357,0.5,0.5,0.699772497734611
8,40,0.40774756830641307,1,0,0.357,0.5,0.5,0.699772497734611
8,41,2.9850243473331513,1,0,0.357,0.5,0.5,0.699772497734611
8,42,0.0,0,1,0.357,0.5,0.5,0.699772497734611
8,43,0.0,0,1,0.357,0.5,0.5,0.699772497734611
8,44,0.0,0,1,0.357,0.5,0.5,0.699772497734611
8,45,0.0,0,1,0.357,0.5,0.5,0.699772497734611
8,46,0.03052817734469419,1,0,0.357,0.5,0.5,0.699772497734611
8,47,0.0,0,1,0.357,0.5,0.5,0.699772497734611
8,48,0.6458385408831698,1,0,0.357,0.5,0.5,0.699772497734611
8,49,0.2812381072817769,1,0,0.357,0.5,0.5,0.699772497734611
9,0,1.2057176071500342,2,0,0.357,0.5,0.5,0.699772497734611
9,1,0.0,0,1,0.357,0.5,0.5,0.699772497734611
9,2,0.0,0,1,0.357,0.5,0.5,0.699772497734611
9,3,0.0,0,1,0.357,0.5,0.5,0.699772497734611
9,4,0.0,0,1,0.357,0.5,0.5,0.699772497734611
9,5,0.0,0,1,0.357,0.5,0.5,0.699772497734611
9,6,0.0,0,1,0.357,0.5,0.5,0.699772497734611
9,7,0.0,0,1,0.357,0.5,0.5,0.699772497734611
9,8,0.0,0,1,0.357,0.5,0.5,0.699772497734611
9,9,0.0,0,1,0.357,0.5,0.5,0.699772497734611
9,10,0.0,0,1,0.357,0.5,0.5,0.699772497734611
9,11,0.0,0,1,0.357,0.5,0.5,0.699772497734611
9,12,0.0,0,1,0.357,0.5,0.5,0.699772497734611
9,13,0.0,0,1,0.357,0.5,0.5,0.699772497734611
9,14,0.0,0,1,0.357,0.5,0.5,0.699772497734611
9,15,0.0,0,1,0.357,0.5,0.5,0.699772497734611
9,16,0.06022674603715486,1,0,0.357,0.5,0.5,0.699772497734611
9,17,0.03215053651966531,1,0,0.357,0.5,0.5,0.699772497734611
9,18,2.5898648260827986,2,0,0.357,0.5,0.5,0.699772497734611
9,19,0.33470134533860335,1,0,0.357,0.5,0.5,0.699772497734611
9,20,0.0,0,1,0.357,0.5,0.5,0.699772497734611
9,21,0.0,0,1,0.357,0.5,0.5,0.699772497734611
9,22,0.0,0,1,0.357,0.5,0.5,0.699772497734611
9,23,0.0,0,1,0.357,0.5,0.5,0.699772497734611
9,24,0.0,0,1,0.357,0.5,0.5,0.699772497734611
9,25,0.0,0,1,0.357,0.5,0.5,0.699772497734611
9,26,0.0,0,1,0.357,0.5,0.5,0.699772497734611
9,27,0.8387323746487594,1,0,0.357,0.5,0.5,0.699772497734611
9,28,0.0,0,1,0.357,0.5,0.5,0.699772497734611
9,29,0.0,0,1,0.357,0.5,0.5,0.699772497734611
9,30,0.0,0,1,0.357,0.5,0.5,0.699772497734611
9,31,0.0,0,1,0.357,0.5,0.5,0.699772497734611
9,32,1.0782791426593281,1,0,0.357,0.5,0.5,0.699772497734611
9,33,0.0,0,1,0.357,0.5,0.5,0.699772497734611
9,34,0.0,0,1,0.357,0.5,0.5,0.699772497734611
9,35,0.0,0,1,0.357,0.5,0.5,0.699772497734611
9,36,0.0,0,1,0.357,0.5,0.5,0.699772497734611
9,37,0.0,0,1,0.357,0.5,0.5,0.699772497734611
9,38,0.0,0,1,0.357,0.5,0.5,0.699772497734611
9,39,0.1444488389784426,2,0,0.357,0.5,0.5,0.699772497734611
9,40,0.0,0,1,0.357,0.5,0.5,0.699772497734611
9,41,0.0,0,1,0.357,0.5,0.5,0.699772497734611
9,42,0.0,0,1,0.357,0.5,0.5,0.699772497734611
9,43,0.0,0,1,0.357,0.5,0.5,0.699772497734611
9,44,0.0,0,1,0.357,0.5,0.5,0.699772497734611
9,45,0.34717881888489915,1,0,0.357,0.5,0.5,0.699772497734611
9,46,0.01812329194452436,1,0,0.357,0.5,0.5,0.699772497734611
9,47,0.0,0,1,0.357,0.5,0.5,0.699772497734611
9,48,2.482007335914092,1,0,0.357,0.5,0.5,0.699772497734611
9,49,0.0,0,1,0.357,0.5,0.5,0.699772497734611
10,0,0.13389608772353626,1,0,0.357,0.5,0.5,0.699772497734611
10,1,0.0,0,1,0.357,0.5,0.5,0.699772497734611
10,2,0.0,0,1,0.357,0.5,0.5,0.699772497734611
10,3,0.0,0,1,0.357,0.5,0.5,0.699772497734611
10,4,0.0,0,1,0.357,0.5,0.5,0.699772497734611
10,5,0.0,0,1,0.357,0.5,0.5,0.699772497734611
10,6,0.0,0,1,0.357,0.5,0.5,0.699772497734611
10,7,1.7954061403915362,2,0,0.357,0.5,0.5,0.699772497734611
10,8,0.0,0,1,0.357,0.5,0.5,0.699772497734611
10,9,0.0,0,1,0.357,0.5,0.5,0.699772497734611
10,10,0.0,0,1,0.357,0.5,0.5,0.699772497734611
10,11,0.0,0,1,0.357,0.5,0.5,0.699772497734611
10,12,0.20216734582352297,1,0,0.357,0.5,0.5,0.699772497734611
10,13,0.0,0,1,0.357,0.5,0.5,0.699772497734611
10,14,0.0,0,1,0.357,0.5,0.5,0.699772497734611
10,15,1.5593593021575012,2,0,0.357,0.5,0.5,0.699772497734611
10,16,0.0,0,1,0.357,0.5,0.5,0.699772497734611
10,17,0.0,0,1,0.357,0.5,0.5,0.699772497734611
10,18,0.0,0,1,0.357,0.5,0.5,0.699772497734611
10,19,0.0,0,1,0.357,0.5,0.5,0.699772497734611
10,20,0.0,0,1,0.357,0.5,0.5,0.699772497734611
10,21,0.0,0,1,0.357,0.5,0.5,0.699772497734611
10,22,0.0,0,1,0.357,0.5,0.5,0.699772497734611
10,23,0.0,0,1,0.357,0.5,0.5,0.699772497734611
10,24,0.0,0,1,0.357,0.5,0.5,0.699772497734611
10,25,0.0,0,1,0.357,0.5,0.5,0.699772497734611
10,26,0.0,0,1,0.357,0.5,0.5,0.699772497734611
10,27,0.0,0,1,0.357,0.5,0.5,0.699772497734611
10,28,0.0,0,1,0.357,0.5,0.5,0.699772497734611
10,29,0.0,0,1,0.357,0.5,0.5,0.699772497734611
10,30,0.0,0,1,0.357,0.5,0.5,0.699772497734611
10,31,0.7709078362580774,1,0,0.357,0.5,0.5,0.699772497734611
10,32,0.0,0,1,0.357,0.5,0.5,0.699772497734611
10,33,0.0,0,1,0.357,0.5,0.5,0.699772497734611
10,34,0.0,0,1,0.357,0.5,0.5,0.699772497734611
10,35,0.0,0,1,0.357,0.5,0.5,0.699772497734611
10,36,0.0,0,1,0.357,0.5,0.5,0.699772497734611
10,37,0.42093975264462963,2,0,0.357,0.5,0.5,0.699772497734611
10,38,0.0,0,1,0.357,0.5,0.5,0.699772497734611
10,39,0.0,0,1,0.357,0.5,0.5,0.699772497734611
10,40,0.0,0,1,0.357,0.5,0.5,0.699772497734611
10,41,0.0,0,1,0.357,0.5,0.5,0.699772497734611
10,42,0.0,0,1,0.357,0.5,0.5,0.699772497734611
10,43,5.326852684268937,1,0,0.357,0.5,0.5,0.699772497734611
10,44,0.0,0,1,0.357,0.5,0.5,0.699772497734611
10,45,0.4086848808043803,1,0,0.357,0.5,0.5,0.699772497734611
10,46,0.0,0,1,0.357,0.5,0.5,0.699772497734611
10,47,0.0,0,1,0.357,0.5,0.5,0.699772497734611
10,48,0.0,0,1,0.357,0.5,0.5,0.699772497734611
10,49,5.089402272247659,1,0,0.357,0.5,0.5,0.699772497734611
11,0,0.15990438518450145,1,0,0.357,0.5,0.5,0.699772497734611
11,1,1.933287983193649,1,0,0.357,0.5,0.5,0.699772497734611
11,2,0.0,0,1,0.357,0.5,0.5,0.699772497734611
11,3,0.0,0,1,0.357,0.5,0.5,0.699772497734611
11,4,0.06359489594128041,1,0,0.357,0.5,0.5,0.699772497734611
11,5,0.0,0,1,0.357,0.5,0.5,0.699772497734611
11,6,2.2536692385617583,1,0,0.357,0.5,0.5,0.699772497734611
11,7,0.698698760487273,2,0,0.357,0.5,0.5,0.699772497734611
11,8,0.0,0,1,0.357,0.5,0.5,0.699772497734611
11,9,0.0,0,1,0.357,0.5,0.5,0.699772497734611
11,10,1.7248571096891674,1,0,0.357,0.5,0.5,0.699772497734611
11,11,0.0,0,1,0.357,0.5,0.5,0.699772497734611
11,12,0.0,0,1,0.357,0.5,0.5,0.699772497734611
11,13,0.0,0,1,0.357,0.5,0.5,0.699772497734611
11,14,0.0,0,1,0.357,0.5,0.5,0.699772497734611
11,15,0.0,0,1,0.357,0.5,0.5,0.699772497734611
11,16,0.0,0,1,0.357,0.5,0.5,0.699772497734611
11,17,0.0,0,1,0.357,0.5,0.5,0.699772497734611
11,18,0.0,0,1,0.357,0.5,0.5,0.699772497734611
11,19,0.6928997855630776,1,0,0.357,0.5,0.5,0.699772497734611
11,20,0.0,0,1,0.357,0.5,0.5,0.699772497734611
11,21,1.5703988021567705,2,0,0.357,0.5,0.5,0.699772497734611
11,22,1.1151256799230091,1,0,0.357,0.5,0.5,0.699772497734611
11,23,0.0,0,1,0.357,0.5,0.5,0.699772497734611
11,24,0.0,0,1,0.357,0.5,0.5,0.699772497734611
11,25,0.0,0,1,0.357,0.5,0.5,0.699772497734611
11,26,0.0,0,1,0.357,0.5,0.5,0.699772497734611
11,27,0.0,0,1,0.357,0.5,0.5,0.699772497734611
11,28,0.0,0,1,0.357,0.5,0.5,0.699772497734611
11,29,0.0,0,1,0.357,0.5,0.5,0.699772497734611
11,30,0.0,0,1,0.357,0.5,0.5,0.699772497734611
11,31,0.0,0,1,0.357,0.5,0.5,0.699772497734611
11,32,0.0,0,1,0.357,0.5,0.5,0.699772497734611
11,33,2.166859711903765,1,0,0.357,0.5,0.5,0.699772497734611
11,34,0.0,0,1,0.357,0.5,0.5,0.699772497734611
11,35,0.0,0,1,0.357,0.5,0.5,0.699772497734611
11,36,0.0,0,1,0.357,0.5,0.5,0.699772497734611
11,37,3.098139274528119,2,0,0.357,0.5,0.5,0.699772497734611
11,38,0.0,0,1,0.357,0.5,0.5,0.699772497734611
11,39,0.0,0,1,0.357,0.5,0.5,0.699772497734611
11,40,0.08007336431132257,1,0,0.357,0.5,0.5,0.699772497734611
11,41,0.0,0,1,0.357,0.5,0.5,0.699772497734611
11,42,0.0,0,1,0.357,0.5,0.5,0.699772497734611
11,43,0.0,0,1,0.357,0.5,0.5,0.699772497734611
11,44,0.0,0,1,0.357,0.5,0.5,0.699772497734611
11,45,1.9209684334861354,2,0,0.357,0.5,0.5,0.699772497734611
11,46,0.0,0,1,0.357,0.5,0.5,0.699772497734611
11,47,0.0,0,1,0.357,0.5,0.5,0.699772497734611
11,48,0.0,0,1,0.357,0.5,0.5,0.699772497734611
11,49,0.0,0,1,0.357,0.5,0.5,0.699772497734611
12,0,0.0,0,1,0.357,0.5,0.5,0.699772497734611
12,1,0.0,0,1,0.357,0.5,0.5,0.699772497734611
12,2,0.0,0,1,0.357,0.5,0.5,0.699772497734611
12,3,0.0,0,1,0.357,0.5,0.5,0.699772497734611
12,4,0.0,0,1,0.357,0.5,0.5,0.699772497734611
12,5,0.0,0,1,0.357,0.5,0.5,0.699772497734611
12,6,0.0,0,1,0.357,0.5,0.5,0.699772497734611
12,7,0.0,0,1,0.357,0.5,0.5,0.699772497734611
12,8,4.485293866922382,1,0,0.357,0.5,0.5,0.699772497734611
12,9,0.0,0,1,0.357,0.5,0.5,0.699772497734611
12,10,1.007169006609624,1,0,0.357,0.5,0.5,0.699772497734611
12,11,0.0,0,1,0.357,0.5,0.5,0.699772497734611
12,12,0.0,0,1,0.357,0.5,0.5,0.699772497734611
12,13,0.0,0,1,0.357,0.5,0.5,0.699772497734611
12,14,0.2605165103385555,1,0,0.357,0.5,0.5,0.699772497734611
12,15,0.0,0,1,0.357,0.5,0.5,0.699772497734611
12,16,0.0,0,1,0.357,0.5,0.5,0.699772497734611
12,17,0.0,0,1,0.357,0.5,0.5,0.699772497734611
12,18,0.31842120517378075,1,0,0.357,0.5,0.5,0.699772497734611
12,19,0.0,0,1,0.357,0.5,0.5,0.699772497734611
12,20,0.0,0,1,0.357,0.5,0.5,0.699772497734611
12,21,0.0,0,1,0.357,0.5,0.5,0.699772497734611
12,22,0.0,0,1,0.357,0.5,0.5,0.699772497734611
12,23,0.0,0,1,0.357,0.5,0.5,0.699772497734611
12,24,0.0,0,1,0.357,0.5,0.5,0.699772497734611
12,25,0.0,0,1,0.357,0.5,0.5,0.699772497734611
12,26,0.0,0,1,0.357,0.5,0.5,0.699772497734611
12,27,0.0,0,1,0.357,0.5,0.5,0.699772497734611
12,28,5.979387316643116,2,0,0.357,0.5,0.5,0.699772497734611
12,29,0.0,0,1,0.357,0.5,0.5,0.699772497734611
12,30,0.0,0,1,0.357,0.5,0.5,0.699772497734611
12,31,0.0,0,1,0.357,0.5,0.5,0.699772497734611
12,32,0.0,0,1,0.357,0.5,0.5,0.699772497734611
12,33,3.2572835742843207,2,0,0.357,0.5,0.5,0.699772497734611
12,34,0.0,0,1,0.357,0.5,0.5,0.699772497734611
12,35,0.11690065033840297,1,0,0.357,0.5,0.5,0.699772497734611
12,36,0.0,0,1,0.357,0.5,0.5,0.699772497734611
12,37,0.0,0,1,0.357,0.5,0.5,0.699772497734611
12,38,0.0,0,1,0.357,0.5,0.5,0.699772497734611
12,39,0.0,0,1,0.357,0.5,0.5,0.699772497734611
12,40,0.0,0,1,0.357,0.5,0.5,0.699772497734611
12,41,0.0,0,1,0.357,0.5,0.5,0.699772497734611
12,42,0.0,0,1,0.357,0.5,0.5,0.699772497734611
12,43,1.176369258330589,1,0,0.357,0.5,0.5,0.699772497734611
12,44,2.878892162151991,1,0,0.357,0.5,0.5,0.699772497734611
12,45,0.0,0,1,0.357,0.5,0.5,0.699772497734611
12,46,0.0026945754842824547,1,0,0.357,0.5,0.5,0.699772497734611
12,47,0.0,0,1,0.357,0.5,0.5,0.699772497734611
12,48,0.11369434467704062,1,0,0.357,0.5,0.5,0.699772497734611
12,49,0.0,0,1,0.357,0.5,0.5,0.699772497734611
13,0,0.0,0,1,0.357,0.5,0.5,0.699772497734611
13,1,0.0,0,1,0.357,0.5,0.5,0.699772497734611
13,2,2.8352305391411625,2,0,0.357,0.5,0.5,0.699772497734611
13,3,0.0,0,1,0.357,0.5,0.5,0.699772497734611
13,4,0.0,0,1,0.357,0.5,0.5,0.699772497734611
13,5,0.0,0,1,0.357,0.5,0.5,0.699772497734611
13,6,0.0,0,1,0.357,0.5,0.5,0.699772497734611
13,7,0.0,0,1,0.357,0.5,0.5,0.699772497734611
13,8,0.0,0,1,0.357,0.5,0.5,0.699772497734611
13,9,0.0,0,1,0.357,0.5,0.5,0.699772497734611
13,10,0.0,0,1,0.357,0.5,0.5,0.699772497734611
13,11,2.353074536657571,2,0,0.357,0.5,0.5,0.699772497734611
13,12,0.0,0,1,0.357,0.5,0.5,0.699772497734611
13,13,0.0,0,1,0.357,0.5,0.5,0.699772497734611
13,14,0.46545689580880517,1,0,0.357,0.5,0.5,0.699772497734611
13,15,0.23301387744367322,1,0,0.357,0.5,0.5,0.699772497734611
13,16,0.0,0,1,0.357,0.5,0.5,0.699772497734611
13,17,0.0,0,1,0.357,0.5,0.5,0.699772497734611
13,18,0.15256745930649582,2,0,0.357,0.5,0.5,0.699772497734611
13,19,0.0,0,1,0.357,0.5,0.5,0.699772497734611
13,20,0.0,0,1,0.357,0.5,0.5,0.699772497734611
13,21,1.2371296376976606,1,0,0.357,0.5,0.5,0.699772497734611
13,22,0.0,0,1,0.357,0.5,0.5,0.699772497734611
13,23,0.0,0,1,0.357,0.5,0.5,0.699772497734611
13,24,3.24475522203768,1,0,0.357,0.5,0.5,0.699772497734611
13,25,0.0,0,1,0.357,0.5,0.5,0.699772497734611
13,26,0.0,0,1,0.357,0.5,0.5,0.699772497734611
13,27,3.8493538483390237,1,0,0.357,0.5,0.5,0.699772497734611
13,28,0.0,0,1,0.357,0.5,0.5,0.699772497734611
13,29,0.0,0,1,0.357,0.5,0.5,0.699772497734611
13,30,0.15113631033039993,1,0,0.357,0.5,0.5,0.699772497734611
13,31,0.0,0,1,0.357,0.5,0.5,0.699772497734611
13,32,0.0,0,1,0.357,0.5,0.5,0.699772497734611
13,33,0.0,0,1,0.357,0.5,0.5,0.699772497734611
13,34,0.0,0,1,0.357,0.5,0.5,0.699772497734611
13,35,0.0,0,1,0.357,0.5,0.5,0.699772497734611
13,36,0.0,0,1,0.357,0.5,0.5,0.699772497734611
13,37,0.0,0,1,0.357,0.5,0.5,0.699772497734611
13,38,0.0,0,1,0.357,0.5,0.5,0.699772497734611
13,39,0.0,0,1,0.357,0.5,0.5,0.699772497734611
13,40,0.0,0,1,0.357,0.5,0.5,0.699772497734611
13,41,0.0,0,1,0.357,0.5,0.5,0.699772497734611
13,42,1.3373322245837516,1,0,0.357,0.5,0.5,0.699772497734611
13,43,1.2687707200913467,1,0,0.357,0.5,0.5,0.699772497734611
13,44,0.0,0,1,0.357,0.5,0.5,0.699772497734611
13,45,0.0,0,1,0.357,0.5,0.5,0.699772497734611
13,46,0.0,0,1,0.357,0.5,0.5,0.699772497734611
13,47,0.0,0,1,0.357,0.5,0.5,0.699772497734611
13,48,1.3170325780412375,3,0,0.357,0.5,0.5,0.699772497734611
13,49,0.0,0,1,0.357,0.5,0.5,0.699772497734611
14,0,0.0,0,1,0.357,0.5,0.5,0.699772497734611
14,1,0.0,0,1,0.357,0.5,0.5,0.699772497734611
14,2,0.0,0,1,0.357,0.5,0.5,0.699772497734611
14,3,0.03894798070027999,1,0,0.357,0.5,0.5,0.699772497734611
14,4,0.0,0,1,0.357,0.5,0.5,0.699772497734611
14,5,0.0,0,1,0.357,0.5,0.5,0.699772497734611
14,6,0.0,0,1,0.357,0.5,0.5,0.699772497734611
14,7,0.0,0,1,0.357,0.5,0.5,0.699772497734611
14,8,0.0,0,1,0.357,0.5,0.5,0.699772497734611
14,9,0.0,0,1,0.357,0.5,0.5,0.699772497734611
14,10,0.0,0,1,0.357,0.5,0.5,0.699772497734611
14,11,0.0,0,1,0.357,0.5,0.5,0.699772497734611
14,12,0.0,0,1,0.357,0.5,0.5,0.699772497734611
14,13,0.0,0,1,0.357,0.5,0.5,0.699772497734611
14,14,0.0,0,1,0.357,0.5,0.5,0.699772497734611
14,15,1.2691979813910943,2,0,0.357,0.5,0.5,0.699772497734611
14,16,0.0,0,1,0.357,0.5,0.5,0.699772497734611
14,17,0.0,0,1,0.357,0.5,0.5,0.699772497734611
14,18,0.0,0,1,0.357,0.5,0.5,0.699772497734611
14,19,4.518138062758046,2,0,0.357,0.5,0.5,0.699772497734611
14,20,0.0,0,1,0.357,0.5,0.5,0.699772497734611
14,21,0.0,0,1,0.357,0.5,0.5,0.699772497734611
14,22,0.0,0,1,0.357,0.5,0.5,0.699772497734611
14,23,0.0,0,1,0.357,0.5,0.5,0.699772497734611
14,24,0.0,0,1,0.357,0.5,0.5,0.699772497734611
14,25,0.0,0,1,0.357,0.5,0.5,0.699772497734611
14,26,0.0,0,1,0.357,0.5,0.5,0.699772497734611
14,27,0.0,0,1,0.357,0.5,0.5,0.699772497734611
14,28,0.0,0,1,0.357,0.5,0.5,0.699772497734611
14,29,0.0,0,1,0.357,0.5,0.5,0.699772497734611
14,30,1.7800431779521482,3,0,0.357,0.5,0.5,0.699772497734611
14,31,0.0,0,1,0.357,0.5,0.5,0.699772497734611
14,32,0.0,0,1,0.357,0.5,0.5,0.699772497734611
14,33,0.0,0,1,0.357,0.5,0.5,0.699772497734611
14,34,3.3939033878752745,1,0,0.357,0.5,0.5,0.699772497734611
14,35,1.8627027766872166,1,0,0.357,0.5,0.5,0.699772497734611
14,36,0.0,0,1,0.357,0.5,0.5,0.699772497734611
14,37,0.0,0,1,0.357,0.5,0.5,0.699772497734611
14,38,0.0,0,1,0.357,0.5,0.5,0.699772497734611
14,39,5.347417793223524,3,0,0.357,0.5,0.5,0.699772497734611
14,40,1.3814567939290003,1,0,0.357,0.5,0.5,0.699772497734611
14,41,0.0,0,1,0.357,0.5,0.5,0.699772497734611
14,42,0.0,0,1,0.357,0.5,0.5,0.699772497734611
14,43,0.0,0,1,0.357,0.5,0.5,0.699772497734611
14,44,0.0,0,1,0.357,0.5,0.5,0.699772497734611
14,45,0.36125005277609473,1,0,0.357,0.5,0.5,0.699772497734611
14,46,0.0,0,1,0.357,0.5,0.5,0.699772497734611
14,47,2.9731416907855945,2,0,0.357,0.5,0.5,0.699772497734611
14,48,0.0,0,1,0.357,0.5,0.5,0.699772497734611
14,49,2.2739300258537134,1,0,0.357,0.5,0.5,0.699772497734611
15,0,0.0,0,1,0.357,0.5,0.5,0.699772497734611
15,1,0.2848703365341384,1,0,0.357,0.5,0.5,0.699772497734611
15,2,0.0,0,1,0.357,0.5,0.5,0.699772497734611
15,3,3.737301753019635,1,0,0.357,0.5,0.5,0.699772497734611
15,4,0.0,0,1,0.357,0.5,0.5,0.699772497734611
15,5,6.420259900195487,1,0,0.357,0.5,0.5,0.699772497734611
15,6,0.0,0,1,0.357,0.5,0.5,0.699772497734611
15,7,0.0,0,1,0.357,0.5,0.5,0.699772497734611
15,8,0.6356593057879373,1,0,0.357,0.5,0.5,0.699772497734611
15,9,0.0,0,1,0.357,0.5,0.5,0.699772497734611
15,10,2.192934160281994,1,0,0.357,0.5,0.5,0.699772497734611
15,11,0.0,0,1,0.357,0.5,0.5,0.699772497734611
15,12,0.0,0,1,0.357,0.5,0.5,0.699772497734611
15,13,0.0,0,1,0.357,0.5,0.5,0.699772497734611
15,14,1.5936388003074657,2,0,0.357,0.5,0.5,0.699772497734611
15,15,0.0,0,1,0.357,0.5,0.5,0.699772497734611
15,16,0.0,0,1,0.357,0.5,0.5,0.699772497734611
15,17,0.0,0,1,0.357,0.5,0.5,0.699772497734611
15,18,0.0,0,1,0.357,0.5,0.5,0.699772497734611
15,19,0.0,0,1,0.357,0.5,0.5,0.699772497734611
15,20,0.0,0,1,0.357,0.5,0.5,0.699772497734611
15,21,0.2634929139787447,1,0,0.357,0.5,0.5,0.699772497734611
15,22,0.0,0,1,0.357,0.5,0.5,0.699772497734611
15,23,0.0,0,1,0.357,0.5,0.5,0.699772497734611
15,24,0.0,0,1,0.357,0.5,0.5,0.699772497734611
15,25,0.0,0,1,0.357,0.5,0.5,0.699772497734611
15,26,0.0,0,1,0.357,0.5,0.5,0.699772497734611
15,27,0.0,0,1,0.357,0.5,0.5,0.699772497734611
15,28,0.0,0,1,0.357,0.5,0.5,0.699772497734611
15,29,0.0,0,1,0.357,0.5,0.5,0.699772497734611
15,30,0.0,0,1,0.357,0.5,0.5,0.699772497734611
15,31,0.0,0,1,0.357,0.5,0.5,0.699772497734611
15,32,0.0,0,1,0.357,0.5,0.5,0.699772497734611
15,33,0.0,0,1,0.357,0.5,0.5,0.699772497734611
15,34,0.0,0,1,0.357,0.5,0.5,0.699772497734611
15,35,0.0,0,1,0.357,0.5,0.5,0.699772497734611
15,36,0.0,0,1,0.357,0.5,0.5,0.699772497734611
15,37,0.3311987747261566,1,0,0.357,0.5,0.5,0.699772497734611
15,38,0.0006253919053416245,1,0,0.357,0.5,0.5,0.699772497734611
15,39,0.0,0,1,0.357,0.5,0.5,0.699772497734611
15,40,2.9324228149417135,1,0,0.357,0.5,0.5,0.699772497734611
15,41,0.0,0,1,0.357,0.5,0.5,0.699772497734611
15,42,0.0,0,1,0.357,0.5,0.5,0.699772497734611
15,43,0.0,0,1,0.357,0.5,0.5,0.699772497734611
15,44,0.0010440313255152428,1,0,0.357,0.5,0.5,0.699772497734611
15,45,1.8207282210542322,1,0,0.357,0.5,0.5,0.699772497734611
15,46,1.715994814279022,1,0,0.357,0.5,0.5,0.699772497734611
15,47,0.0,0,1,0.357,0.5,0.5,0.699772497734611
15,48,3.7441260922562754e-05,1,0,0.357,0.5,0.5,0.699772497734611
15,49,0.0,0,1,0.357,0.5,0.5,0.699772497734611
16,0,0.36272542252715273,1,0,0.357,0.5,0.5,0.699772497734611
16,1,0.0,0,1,0.357,0.5,0.5,0.699772497734611
16,2,0.47005529003637925,2,0,0.357,0.5,0.5,0.699772497734611
16,3,0.0,0,1,0.357,0.5,0.5,0.699772497734611
16,4,0.0,0,1,0.357,0.5,0.5,0.699772497734611
16,5,0.0,0,1,0.357,0.5,0.5,0.699772497734611
16,6,3.257360598464839,1,0,0.357,0.5,0.5,0.699772497734611
16,7,0.0,0,1,0.357,0.5,0.5,0.699772497734611
16,8,0.0,0,1,0.357,0.5,0.5,0.699772497734611
16,9,0.0,0,1,0.357,0.5,0.5,0.699772497734611
16,10,0.0,0,1,0.357,0.5,0.5,0.699772497734611
16,11,0.0,0,1,0.357,0.5,0.5,0.699772497734611
16,12,1.4685936052168258,1,0,0.357,0.5,0.5,0.699772497734611
16,13,1.2052765265126237,1,0,0.357,0.5,0.5,0.699772497734611
16,14,0.0,0,1,0.357,0.5,0.5,0.699772497734611
16,15,1.3168926815136248,1,0,0.357,0.5,0.5,0.699772497734611
16,16,0.0,0,1,0.357,0.5,0.5,0.699772497734611
16,17,0.5167029790301138,1,0,0.357,0.5,0.5,0.699772497734611
16,18,0.0,0,1,0.357,0.5,0.5,0.699772497734611
16,19,0.0,0,1,0.357,0.5,0.5,0.699772497734611
16,20,0.9666467295508328,1,0,0.357,0.5,0.5,0.699772497734611
16,21,0.0,0,1,0.357,0.5,0.5,0.699772497734611
16,22,0.0,0,1,0.357,0.5,0.5,0.699772497734611
16,23,0.0,0,1,0.357,0.5,0.5,0.699772497734611
16,24,0.2869654897494228,1,0,0.357,0.5,0.5,0.699772497734611
16,25,3.001861253200106,1,0,0.357,0.5,0.5,0.699772497734611
16,26,0.0,0,1,0.357,0.5,0.5,0.699772497734611
16,27,0.0,0,1,0.357,0.5,0.5,0.699772497734611
16,28,0.0,0,1,0.357,0.5,0.5,0.699772497734611
16,29,0.0,0,1,0.357,0.5,0.5,0.699772497734611
16,30,0.0,0,1,0.357,0.5,0.5,0.699772497734611
16,31,0.0,0,1,0.357,0.5,0.5,0.699772497734611
16,32,0.011525448011462266,1,0,0.357,0.5,0.5,0.699772497734611
16,33,0.0,0,1,0.357,0.5,0.5,0.699772497734611
16,34,0.0,0,1,0.357,0.5,0.5,0.699772497734611
16,35,0.0,0,1,0.357,0.5,0.5,0.699772497734611
16,36,2.237515859265196,1,0,0.357,0.5,0.5,0.699772497734611
16,37,0.13311150939554772,1,0,0.357,0.5,0.5,0.699772497734611
16,38,0.0,0,1,0.357,0.5,0.5,0.699772497734611
16,39,0.0,0,1,0.357,0.5,0.5,0.699772497734611
16,40,1.9118970032009837,1,0,0.357,0.5,0.5,0.699772497734611
16,41,0.0,0,1,0.357,0.5,0.5,0.699772497734611
16,42,2.228920297137748,1,0,0.357,0.5,0.5,0.699772497734611
16,43,0.0,0,1,0.357,0.5,0.5,0.699772497734611
16,44,0.0,0,1,0.357,0.5,0.5,0.699772497734611
16,45,1.461596859941427,2,0,0.357,0.5,0.5,0.699772497734611
16,46,0.3449784627452581,1,0,0.357,0.5,0.5,0.699772497734611
16,47,2.4563943758533506,1,0,0.357,0.5,0.5,0.699772497734611
16,48,0.0,0,1,0.357,0.5,0.5,0.699772497734611
16,49,0.45255170375075604,1,0,0.357,0.5,0.5,0.699772497734611
17,0,0.0,0,1,0.357,0.5,0.5,0.699772497734611
17,1,0.0,0,1,0.357,0.5,0.5,0.699772497734611
17,2,0.0,0,1,0.357,0.5,0.5,0.699772497734611
17,3,0.0,0,1,0.357,0.5,0.5,0.699772497734611
17,4,0.0,0,1,0.357,0.5,0.5,0.699772497734611
17,5,0.0,0,1,0.357,0.5,0.5,0.699772497734611
17,6,0.37399131378453243,1,0,0.357,0.5,0.5,0.699772497734611
17,7,0.0,0,1,0.357,0.5,0.5,0.699772497734611
17,8,1.5412986207539043,1,0,0.357,0.5,0.5,0.699772497734611
17,9,0.0,0,1,0.357,0.5,0.5,0.699772497734611
17,10,3.216635376481493,1,0,0.357,0.5,0.5,0.699772497734611
17,11,0.8679316509726333,1,0,0.357,0.5,0.5,0.699772497734611
17,12,0.5203601012967799,2,0,0.357,0.5,0.5,0.699772497734611
17,13,0.0,0,1,0.357,0.5,0.5,0.699772497734611
17,14,0.0,0,1,0.357,0.5,0.5,0.699772497734611
17,15,0.6031325355741783,1,0,0.357,0.5,0.5,0.699772497734611
17,16,0.0,0,1,0.357,0.5,0.5,0.699772497734611
17,17,0.0,0,1,0.357,0.5,0.5,0.699772497734611
17,18,0.0,0,1,0.357,0.5,0.5,0.699772497734611
17,19,2.9770375490895304,2,0,0.357,0.5,0.5,0.699772497734611
17,20,0.0,0,1,0.357,0.5,0.5,0.699772497734611
17,21,0.0,0,1,0.357,0.5,0.5,0.699772497734611
17,22,0.0,0,1,0.357,0.5,0.5,0.699772497734611
17,23,0.0,0,1,0.357,0.5,0.5,0.699772497734611
17,24,0.1122918748496211,1,0,0.357,0.5,0.5,0.699772497734611
17,25,0.0,0,1,0.357,0.5,0.5,0.699772497734611
17,26,0.01665959184134154,1,0,0.357,0.5,0.5,0.699772497734611
17,27,0.0,0,1,0.357,0.5,0.5,0.699772497734611
17,28,0.0,0,1,0.357,0.5,0.5,0.699772497734611
17,29,1.51212970436814,2,0,0.357,0.5,0.5,0.699772497734611
17,30,0.0,0,1,0.357,0.5,0.5,0.699772497734611
17,31,0.0,0,1,0.357,0.5,0.5,0.699772497734611
17,32,0.02529480791285846,1,0,0.357,0.5,0.5,0.699772497734611
17,33,0.0,0,1,0.357,0.5,0.5,0.699772497734611
17,34,0.0,0,1,0.357,0.5,0.5,0.699772497734611
17,35,0.0,0,1,0.357,0.5,0.5,0.699772497734611
17,36,0.0,0,1,0.357,0.5,0.5,0.699772497734611
17,37,0.0,0,1,0.357,0.5,0.5,0.699772497734611
17,38,0.0011656478754261687,1,0,0.357,0.5,0.5,0.699772497734611
17,39,0.0,0,1,0.357,0.5,0.5,0.699772497734611
17,40,1.304194262687342,1,0,0.357,0.5,0.5,0.699772497734611
17,41,0.0,0,1,0.357,0.5,0.5,0.699772497734611
17,42,0.0,0,1,0.357,0.5,0.5,0.699772497734611
17,43,0.0,0,1,0.357,0.5,0.5,0.699772497734611
17,44,0.0,0,1,0.357,0.5,0.5,0.699772497734611
17,45,0.0,0,1,0.357,0.5,0.5,0.699772497734611
17,46,0.0,0,1,0.357,0.5,0.5,0.699772497734611
17,47,0.0,0,1,0.357,0.5,0.5,0.699772497734611
17,48,0.0,0,1,0.357,0.5,0.5,0.699772497734611
17,49,0.0,0,1,0.357,0.5,0.5,0.699772497734611
18,0,0.0,0,1,0.357,0.5,0.5,0.699772497734611
18,1,0.0,0,1,0.357,0.5,0.5,0.699772497734611
18,2,0.0,0,1,0.357,0.5,0.5,0.699772497734611
18,3,0.0,0,1,0.357,0.5,0.5,0.699772497734611
18,4,0.0,0,1,0.357,0.5,0.5,0.699772497734611
18,5,0.0,0,1,0.357,0.5,0.5,0.699772497734611
18,6,0.0,0,1,0.357,0.5,0.5,0.699772497734611
18,7,0.0,0,1,0.357,0.5,0.5,0.699772497734611
18,8,0.0,0,1,0.357,0.5,0.5,0.699772497734611
18,9,2.6394507904163866,1,0,0.357,0.5,0.5,0.699772497734611
18,10,0.0,0,1,0.357,0.5,0.5,0.699772497734611
18,11,2.1338805131288674,1,0,0.357,0.5,0.5,0.699772497734611
18,12,0.2904282853685929,1,0,0.357,0.5,0.5,0.699772497734611
18,13,0.694310496548132,1,0,0.357,0.5,0.5,0.699772497734611
18,14,2.544337319287985,1,0,0.357,0.5,0.5,0.699772497734611
18,15,0.0,0,1,0.357,0.5,0.5,0.699772497734611
18,16,0.0,0,1,0.357,0.5,0.5,0.699772497734611
18,17,0.0,0,1,0.357,0.5,0.5,0.699772497734611
18,18,1.6458860497660874,2,0,0.357,0.5,0.5,0.699772497734611
18,19,0.3442860494072964,1,0,0.357,0.5,0.5,0.699772497734611
18,20,0.0,0,1,0.357,0.5,0.5,0.699772497734611
18,21,0.0,0,1,0.357,0.5,0.5,0.699772497734611
18,22,3.456066191483637,1,0,0.357,0.5,0.5,0.699772497734611
18,23,0.0,0,1,0.357,0.5,0.5,0.699772497734611
18,24,0.0,0,1,0.357,0.5,0.5,0.699772497734611
18,25,0.0,0,1,0.357,0.5,0.5,0.699772497734611
18,26,0.0,0,1,0.357,0.5,0.5,0.699772497734611
18,27,0.0,0,1,0.357,0.5,0.5,0.699772497734611
18,28,0.0,0,1,0.357,0.5,0.5,0.699772497734611
18,29,0.0,0,1,0.357,0.5,0.5,0.699772497734611
18,30,0.33383857623896623,2,0,0.357,0.5,0.5,0.699772497734611
18,31,0.0,0,1,0.357,0.5,0.5,0.699772497734611
18,32,0.0,0,1,0.357,0.5,0.5,0.699772497734611
18,33,0.0,0,1,0.357,0.5,0.5,0.699772497734611
18,34,0.0,0,1,0.357,0.5,0.5,0.699772497734611
18,35,0.0,0,1,0.357,0.5,0.5,0.699772497734611
18,36,0.0,0,1,0.357,0.5,0.5,0.699772497734611
18,37,0.010111416319141928,1,0,0.357,0.5,0.5,0.699772497734611
18,38,0.0,0,1,0.357,0.5,0.5,0.699772497734611
18,39,0.0,0,1,0.357,0.5,0.5,0.699772497734611
18,40,0.6610555079082076,1,0,0.357,0.5,0.5,0.699772497734611
18,41,0.8408021990229636,2,0,0.357,0.5,0.5,0.699772497734611
18,42,4.888997474433817,1,0,0.357,0.5,0.5,0.699772497734611
18,43,0.0,0,1,0.357,0.5,0.5,0.699772497734611
18,44,2.408724961000274,1,0,0.357,0.5,0.5,0.699772497734611
18,45,0.0,0,1,0.357,0.5,0.5,0.699772497734611
18,46,1.124977316225123,1,0,0.357,0.5,0.5,0.699772497734611
18,47,1.1278407472234009,2,0,0.357,0.5,0.5,0.699772497734611
18,48,0.0,0,1,0.357,0.5,0.5,0.699772497734611
18,49,0.0,0,1,0.357,0.5,0.5,0.699772497734611
19,0,0.20023477615382518,1,0,0.357,0.5,0.5,0.699772497734611
19,1,0.0,0,1,0.357,0.5,0.5,0.699772497734611
19,2,0.0,0,1,0.357,0.5,0.5,0.699772497734611
19,3,0.2646538408184777,1,0,0.357,0.5,0.5,0.699772497734611
19,4,0.0,0,1,0.357,0.5,0.5,0.699772497734611
19,5,0.0,0,1,0.357,0.5,0.5,0.699772497734611
19,6,0.0,0,1,0.357,0.5,0.5,0.699772497734611
19,7,0.0,0,1,0.357,0.5,0.5,0.699772497734611
19,8,0.0,0,1,0.357,0.5,0.5,0.699772497734611
19,9,0.0,0,1,0.357,0.5,0.5,0.699772497734611
19,10,0.0,0,1,0.357,0.5,0.5,0.699772497734611
19,11,0.0,0,1,0.357,0.5,0.5,0.699772497734611
19,12,0.0,0,1,0.357,0.5,0.5,0.699772497734611
19,13,2.809913824191552,1,0,0.357,0.5,0.5,0.699772497734611
19,14,0.37273657063930177,1,0,0.357,0.5,0.5,0.699772497734611
19,15,0.0,0,1,0.357,0.5,0.5,0.699772497734611
19,16,0.3831808749273523,1,0,0.357,0.5,0.5,0.699772497734611
19,17,1.6672492806602355,1,0,0.357,0.5,0.5,0.699772497734611
19,18,0.12321326490846365,1,0,0.357,0.5,0.5,0.699772497734611
19,19,0.0,0,1,0.357,0.5,0.5,0.699772497734611
19,20,0.0,0,1,0.357,0.5,0.5,0.699772497734611
19,21,0.0,0,1,0.357,0.5,0.5,0.699772497734611
19,22,0.0,0,1,0.357,0.5,0.5,0.699772497734611
19,23,0.0,0,1,0.357,0.5,0.5,0.699772497734611
19,24,0.041485870008815255,1,0,0.357,0.5,0.5,0.699772497734611
19,25,0.0,0,1,0.357,0.5,0.5,0.699772497734611
19,26,0.0,0,1,0.357,0.5,0.5,0.699772497734611
19,27,0.0,0,1,0.357,0.5,0.5,0.699772497734611
19,28,0.0,0,1,0.357,0.5,0.5,0.699772497734611
19,29,0.3212833265385024,1,0,0.357,0.5,0.5,0.699772497734611
19,30,0.7777097210523531,1,0,0.357,0.5,0.5,0.699772497734611
19,31,0.9033454116730651,2,0,0.357,0.5,0.5,0.699772497734611
19,32,0.0,0,1,0.357,0.5,0.5,0.699772497734611
19,33,1.4646540669896235,1,0,0.357,0.5,0.5,0.699772497734611
19,34,0.0,0,1,0.357,0.5,0.5,0.699772497734611
19,35,0.0,0,1,0.357,0.5,0.5,0.699772497734611
19,36,0.032521817888518365,1,0,0.357,0.5,0.5,0.699772497734611
19,37,0.0,0,1,0.357,0.5,0.5,0.699772497734611
19,38,0.0024486054415236162,1,0,0.357,0.5,0.5,0.699772497734611
19,39,0.0,0,1,0.357,0.5,0.5,0.699772497734611
19,40,0.5211315389031892,1,0,0.357,0.5,0.5,0.699772497734611
19,41,0.0,0,1,0.357,0.5,0.5,0.699772497734611
19,42,0.3309258691305186,2,0,0.357,0.5,0.5,0.699772497734611
19,43,0.0,0,1,0.357,0.5,0.5,0.699772497734611
19,44,0.0,0,1,0.357,0.5,0.5,0.699772497734611
19,45,0.5797878914172695,2,0,0.357,0.5,0.5,0.699772497734611
19,46,0.25062452699374443,1,0,0.357,0.5,0.5,0.699772497734611
19,47,0.0,0,1,0.357,0.5,0.5,0.699772497734611
19,48,0.0,0,1,0.357,0.5,0.5,0.699772497734611
19,49,0.11290468068352567,1,0,0.357,0.5,0.5,0.699772497734611
20,0,0.004406392804892194,1,0,0.357,0.5,0.5,0.699772497734611
20,1,0.0,0,1,0.357,0.5,0.5,0.699772497734611
20,2,0.08398532661446374,1,0,0.357,0.5,0.5,0.699772497734611
20,3,0.19923723993199974,1,0,0.357,0.5,0.5,0.699772497734611
20,4,0.0,0,1,0.357,0.5,0.5,0.699772497734611
20,5,0.0,0,1,0.357,0.5,0.5,0.699772497734611
20,6,0.0,0,1,0.357,0.5,0.5,0.699772497734611
20,7,0.0,0,1,0.357,0.5,0.5,0.699772497734611
20,8,0.0,0,1,0.357,0.5,0.5,0.699772497734611
20,9,0.0,0,1,0.357,0.5,0.5,0.699772497734611
20,10,0.3838209795024331,1,0,0.357,0.5,0.5,0.699772497734611
20,11,2.333339416783572,2,0,0.357,0.5,0.5,0.699772497734611
20,12,0.0,0,1,0.357,0.5,0.5,0.699772497734611
20,13,0.0,0,1,0.357,0.5,0.5,0.699772497734611
20,14,0.0,0,1,0.357,0.5,0.5,0.699772497734611
20,15,0.0,0,1,0.357,0.5,0.5,0.699772497734611
20,16,0.0,0,1,0.357,0.5,0.5,0.699772497734611
20,17,1.9813005415263842,1,0,0.357,0.5,0.5,0.699772497734611
20,18,0.0,0,1,0.357,0.5,0.5,0.699772497734611
20,19,0.0,0,1,0.357,0.5,0.5,0.699772497734611
20,20,0.0,0,1,0.357,0.5,0.5,0.699772497734611
20,21,0.0,0,1,0.357,0.5,0.5,0.699772497734611
20,22,0.0,0,1,0.357,0.5,0.5,0.699772497734611
20,23,0.04288667245225272,1,0,0.357,0.5,0.5,0.699772497734611
20,24,0.0,0,1,0.357,0.5,0.5,0.699772497734611
20,25,1.0041701535057361,1,0,0.357,0.5,0.5,0.699772497734611
20,26,0.24961808814028083,1,0,0.357,0.5,0.5,0.699772497734611
20,27,0.0,0,1,0.357,0.5,0.5,0.699772497734611
20,28,0.0,0,1,0.357,0.5,0.5,0.699772497734611
20,29,0.0,0,1,0.357,0.5,0.5,0.699772497734611
20,30,0.0001252993924969872,1,0,0.357,0.5,0.5,0.699772497734611
20,31,2.683223375120565,1,0,0.357,0.5,0.5,0.699772497734611
20,32,0.0,0,1,0.357,0.5,0.5,0.699772497734611
20,33,0.0,0,1,0.357,0.5,0.5,0.699772497734611
20,34,0.0,0,1,0.357,0.5,0.5,0.699772497734611
20,35,0.2551752544707367,1,0,0.357,0.5,0.5,0.699772497734611
20,36,0.353281232922017,1,0,0.357,0.5,0.5,0.699772497734611
20,37,1.2952500321197602,1,0,0.357,0.5,0.5,0.699772497734611
20,38,0.0,0,1,0.357,0.5,0.5,0.699772497734611
20,39,0.0,0,1,0.357,0.5,0.5,0.699772497734611
20,40,0.0,0,1,0.357,0.5,0.5,0.699772497734611
20,41,0.0,0,1,0.357,0.5,0.5,0.699772497734611
20,42,3.2433002009409213,2,0,0.357,0.5,0.5,0.699772497734611
20,43,1.457712984259989,2,0,0.357,0.5,0.5,0.699772497734611
20,44,0.0,0,1,0.357,0.5,0.5,0.699772497734611
20,45,0.0,0,1,0.357,0.5,0.5,0.699772497734611
20,46,0.0,0,1,0.357,0.5,0.5,0.699772497734611
20,47,0.0,0,1,0.357,0.5,0.5,0.699772497734611
20,48,0.0,0,1,0.357,0.5,0.5,0.699772497734611
20,49,0.2576532927667609,1,0,0.357,0.5,0.5,0.699772497734611
21,0,0.0,0,1,0.357,0.5,0.5,0.699772497734611
21,1,0.0,0,1,0.357,0.5,0.5,0.699772497734611
21,2,0.0,0,1,0.357,0.5,0.5,0.699772497734611
21,3,0.02522263889256522,1,0,0.357,0.5,0.5,0.699772497734611
21,4,0.0,0,1,0.357,0.5,0.5,0.699772497734611
21,5,0.0,0,1,0.357,0.5,0.5,0.699772497734611
21,6,0.0,0,1,0.357,0.5,0.5,0.699772497734611
21,7,0.0,0,1,0.357,0.5,0.5,0.699772497734611
21,8,0.0,0,1,0.357,0.5,0.5,0.699772497734611
21,9,0.0,0,1,0.357,0.5,0.5,0.699772497734611
21,10,0.0,0,1,0.357,0.5,0.5,0.699772497734611
21,11,0.0,0,1,0.357,0.5,0.5,0.699772497734611
21,12,0.0,0,1,0.357,0.5,0.5,0.699772497734611
21,13,0.0,0,1,0.357,0.5,0.5,0.699772497734611
21,14,0.6010794910069227,1,0,0.357,0.5,0.5,0.699772497734611
21,15,0.0,0,1,0.357,0.5,0.5,0.699772497734611
21,16,0.0,0,1,0.357,0.5,0.5,0.699772497734611
21,17,0.0,0,1,0.357,0.5,0.5,0.699772497734611
21,18,0.0,0,1,0.357,0.5,0.5,0.699772497734611
21,19,0.0,0,1,0.357,0.5,0.5,0.699772497734611
21,20,0.0,0,1,0.357,0.5,0.5,0.699772497734611
21,21,0.0,0,1,0.357,0.5,0.5,0.699772497734611
21,22,0.0,0,1,0.357,0.5,0.5,0.699772497734611
21,23,0.0,0,1,0.357,0.5,0.5,0.699772497734611
21,24,0.005992840684324271,1,0,0.357,0.5,0.5,0.699772497734611
21,25,0.0,0,1,0.357,0.5,0.5,0.699772497734611
21,26,0.0,0,1,0.357,0.5,0.5,0.699772497734611
21,27,0.0,0,1,0.357,0.5,0.5,0.699772497734611
21,28,0.0,0,1,0.357,0.5,0.5,0.699772497734611
21,29,0.0,0,1,0.357,0.5,0.5,0.699772497734611
21,30,0.0,0,1,0.357,0.5,0.5,0.699772497734611
21,31,0.37360643964119444,2,0,0.357,0.5,0.5,0.699772497734611
21,32,0.0,0,1,0.357,0.5,0.5,0.699772497734611
21,33,1.5635798741150286,1,0,0.357,0.5,0.5,0.699772497734611
21,34,3.0559161630213074,1,0,0.357,0.5,0.5,0.699772497734611
21,35,0.0,0,1,0.357,0.5,0.5,0.699772497734611
21,36,1.404841003551995,1,0,0.357,0.5,0.5,0.699772497734611
21,37,0.0,0,1,0.357,0.5,0.5,0.699772497734611
21,38,0.0,0,1,0.357,0.5,0.5,0.699772497734611
21,39,0.0,0,1,0.357,0.5,0.5,0.699772497734611
21,40,0.11768825311005418,1,0,0.357,0.5,0.5,0.699772497734611
21,41,0.0,0,1,0.357,0.5,0.5,0.699772497734611
21,42,0.0,0,1,0.357,0.5,0.5,0.699772497734611
21,43,0.08922487994837555,1,0,0.357,0.5,0.5,0.699772497734611
21,44,3.0616687720597118,1,0,0.357,0.5,0.5,0.699772497734611
21,45,0.0,0,1,0.357,0.5,0.5,0.699772497734611
21,46,0.0,0,1,0.357,0.5,0.5,0.699772497734611
21,47,0.0,0,1,0.357,0.5,0.5,0.699772497734611
21,48,0.0,0,1,0.357,0.5,0.5,0.699772497734611
21,49,0.0,0,1,0.357,0.5,0.5,0.699772497734611
22,0,0.0,0,1,0.357,0.5,0.5,0.699772497734611
22,1,0.0,0,1,0.357,0.5,0.5,0.699772497734611
22,2,0.0,0,1,0.357,0.5,0.5,0.699772497734611
22,3,0.0,0,1,0.357,0.5,0.5,0.699772497734611
22,4,0.0,0,1,0.357,0.5,0.5,0.699772497734611
22,5,7.578665305363617,1,0,0.357,0.5,0.5,0.699772497734611
22,6,0.0,0,1,0.357,0.5,0.5,0.699772497734611
22,7,0.0,0,1,0.357,0.5,0.5,0.699772497734611
22,8,0.0,0,1,0.357,0.5,0.5,0.699772497734611
22,9,0.0,0,1,0.357,0.5,0.5,0.699772497734611
22,10,2.7770138349387485,1,0,0.357,0.5,0.5,0.699772497734611
22,11,0.8327466834405289,1,0,0.357,0.5,0.5,0.699772497734611
22,12,0.2730338810938847,1,0,0.357,0.5,0.5,0.699772497734611
22,13,0.0,0,1,0.357,0.5,0.5,0.699772497734611
22,14,0.0,0,1,0.357,0.5,0.5,0.699772497734611
22,15,0.15216826974055112,1,0,0.357,0.5,0.5,0.699772497734611
22,16,0.0,0,1,0.357,0.5,0.5,0.699772497734611
22,17,0.0,0,1,0.357,0.5,0.5,0.699772497734611
22,18,0.0,0,1,0.357,0.5,0.5,0.699772497734611
22,19,0.0,0,1,0.357,0.5,0.5,0.699772497734611
22,20,5.799757214462447,1,0,0.357,0.5,0.5,0.699772497734611
22,21,0.0,0,1,0.357,0.5,0.5,0.699772497734611
22,22,0.0,0,1,0.357,0.5,0.5,0.699772497734611
22,23,0.0,0,1,0.357,0.5,0.5,0.699772497734611
22,24,0.30697308440979826,1,0,0.357,0.5,0.5,0.699772497734611
22,25,0.0753924062549006,1,0,0.357,0.5,0.5,0.699772497734611
22,26,0.0,0,1,0.357,0.5,0.5,0.699772497734611
22,27,0.0,0,1,0.357,0.5,0.5,0.699772497734611
22,28,0.11485385539939084,1,0,0.357,0.5,0.5,0.699772497734611
22,29,0.0,0,1,0.357,0.5,0.5,0.699772497734611
22,30,2.198773051197233,1,0,0.357,0.5,0.5,0.699772497734611
22,31,0.0,0,1,0.357,0.5,0.5,0.699772497734611
22,32,0.0,0,1,0.357,0.5,0.5,0.699772497734611
22,33,1.432397410354857,1,0,0.357,0.5,0.5,0.699772497734611
22,34,0.0,0,1,0.357,0.5,0.5,0.699772497734611
22,35,0.0,0,1,0.357,0.5,0.5,0.699772497734611
22,36,0.0,0,1,0.357,0.5,0.5,0.699772497734611
22,37,2.8490425013052487,1,0,0.357,0.5,0.5,0.699772497734611
22,38,0.07289732229812987,1,0,0.357,0.5,0.5,0.699772497734611
22,39,0.0,0,1,0.357,0.5,0.5,0.699772497734611
22,40,0.0,0,1,0.357,0.5,0.5,0.699772497734611
22,41,0.0,0,1,0.357,0.5,0.5,0.699772497734611
22,42,0.0,0,1,0.357,0.5,0.5,0.699772497734611
22,43,0.0,0,1,0.357,0.5,0.5,0.699772497734611
22,44,2.2432340087235794,3,0,0.357,0.5,0.5,0.699772497734611
22,45,0.0,0,1,0.357,0.5,0.5,0.699772497734611
22,46,0.0,0,1,0.357,0.5,0.5,0.699772497734611
22,47,0.0,0,1,0.357,0.5,0.5,0.699772497734611
22,48,0.0,0,1,0.357,0.5,0.5,0.699772497734611
22,49,0.0,0,1,0.357,0.5,0.5,0.699772497734611
23,0,0.0,0,1,0.357,0.5,0.5,0.699772497734611
23,1,0.0,0,1,0.357,0.5,0.5,0.699772497734611
23,2,0.02579934258518231,1,0,0.357,0.5,0.5,0.699772497734611
23,3,0.0,0,1,0.357,0.5,0.5,0.699772497734611
23,4,0.0,0,1,0.357,0.5,0.5,0.699772497734611
23,5,0.0,0,1,0.357,0.5,0.5,0.699772497734611
23,6,0.0,0,1,0.357,0.5,0.5,0.699772497734611
23,7,0.0,0,1,0.357,0.5,0.5,0.699772497734611
23,8,0.0,0,1,0.357,0.5,0.5,0.699772497734611
23,9,0.0,0,1,0.357,0.5,0.5,0.699772497734611
23,10,0.0,0,1,0.357,0.5,0.5,0.699772497734611
23,11,0.0,0,1,0.357,0.5,0.5,0.699772497734611
23,12,1.376912207105847,1,0,0.357,0.5,0.5,0.699772497734611
23,13,0.0,0,1,0.357,0.5,0.5,0.699772497734611
23,14,0.801098264804454,1,0,0.357,0.5,0.5,0.699772497734611
23,15,0.0,0,1,0.357,0.5,0.5,0.699772497734611
23,16,0.0,0,1,0.357,0.5,0.5,0.699772497734611
23,17,2.13274456309253,1,0,0.357,0.5,0.5,0.699772497734611
23,18,0.0,0,1,0.357,0.5,0.5,0.699772497734611
23,19,0.0,0,1,0.357,0.5,0.5,0.699772497734611
23,20,0.173631114593414,1,0,0.357,0.5,0.5,0.699772497734611
23,21,0.0,0,1,0.357,0.5,0.5,0.699772497734611
23,22,0.0,0,1,0.357,0.5,0.5,0.699772497734611
23,23,0.0,0,1,0.357,0.5,0.5,0.699772497734611
23,24,0.0,0,1,0.357,0.5,0.5,0.699772497734611
23,25,0.0,0,1,0.357,0.5,0.5,0.699772497734611
23,26,0.0,0,1,0.357,0.5,0.5,0.699772497734611
23,27,0.0,0,1,0.357,0.5,0.5,0.699772497734611
23,28,0.0,0,1,0.357,0.5,0.5,0.699772497734611
23,29,0.0,0,1,0.357,0.5,0.5,0.699772497734611
23,30,0.0,0,1,0.357,0.5,0.5,0.699772497734611
23,31,0.0,0,1,0.357,0.5,0.5,0.699772497734611
23,32,0.0,0,1,0.357,0.5,0.5,0.699772497734611
23,33,0.5750596833701731,1,0,0.357,0.5,0.5,0.699772497734611
23,34,0.0,0,1,0.357,0.5,0.5,0.699772497734611
23,35,0.0,0,1,0.357,0.5,0.5,0.699772497734611
23,36,0.0,0,1,0.357,0.5,0.5,0.699772497734611
23,37,0.0,0,1,0.357,0.5,0.5,0.699772497734611
23,38,0.5726144791333371,2,0,0.357,0.5,0.5,0.699772497734611
23,39,0.0,0,1,0.357,0.5,0.5,0.699772497734611
23,40,0.0,0,1,0.357,0.5,0.5,0.699772497734611
23,41,0.4947116504611837,1,0,0.357,0.5,0.5,0.699772497734611
23,42,0.0,0,1,0.357,0.5,0.5,0.699772497734611
23,43,1.5732219891297758,1,0,0.357,0.5,0.5,0.699772497734611
23,44,0.0,0,1,0.357,0.5,0.5,0.699772497734611
23,45,0.0,0,1,0.357,0.5,0.5,0.699772497734611
23,46,0.0,0,1,0.357,0.5,0.5,0.699772497734611
23,47,0.0,0,1,0.357,0.5,0.5,0.699772497734611
23,48,0.0,0,1,0.357,0.5,0.5,0.699772497734611
23,49,2.32649046128516,2,0,0.357,0.5,0.5,0.699772497734611
24,0,0.0,0,1,0.357,0.5,0.5,0.699772497734611
24,1,0.0,0,1,0.357,0.5,0.5,0.699772497734611
24,2,0.0,0,1,0.357,0.5,0.5,0.699772497734611
24,3,0.0,0,1,0.357,0.5,0.5,0.699772497734611
24,4,0.0,0,1,0.357,0.5,0.5,0.699772497734611
24,5,0.0,0,1,0.357,0.5,0.5,0.699772497734611
24,6,0.0,0,1,0.357,0.5,0.5,0.699772497734611
24,7,0.05193035024040273,2,0,0.357,0.5,0.5,0.699772497734611
24,8,0.0,0,1,0.357,0.5,0.5,0.699772497734611
24,9,0.0,0,1,0.357,0.5,0.5,0.699772497734611
24,10,0.0,0,1,0.357,0.5,0.5,0.699772497734611
24,11,0.0,0,1,0.357,0.5,0.5,0.699772497734611
24,12,0.0,0,1,0.357,0.5,0.5,0.699772497734611
24,13,1.6354038147826975,2,0,0.357,0.5,0.5,0.699772497734611
24,14,0.0,0,1,0.357,0.5,0.5,0.699772497734611
24,15,0.0,0,1,0.357,0.5,0.5,0.699772497734611
24,16,0.0,0,1,0.357,0.5,0.5,0.699772497734611
24,17,0.08009418537252319,1,0,0.357,0.5,0.5,0.699772497734611
24,18,0.0,0,1,0.357,0.5,0.5,0.699772497734611
24,19,1.2636200971938574,1,0,0.357,0.5,0.5,0.699772497734611
24,20,0.0,0,1,0.357,0.5,0.5,0.699772497734611
24,21,6.6917533864795,3,0,0.357,0.5,0.5,0.699772497734611
24,22,0.0,0,1,0.357,0.5,0.5,0.699772497734611
24,23,0.0,0,1,0.357,0.5,0.5,0.699772497734611
24,24,0.0,0,1,0.357,0.5,0.5,0.699772497734611
24,25,0.00038445755618503016,1,0,0.357,0.5,0.5,0.699772497734611
24,26,0.0,0,1,0.357,0.5,0.5,0.699772497734611
24,27,0.32934075070381086,1,0,0.357,0.5,0.5,0.699772497734611
24,28,0.0,0,1,0.357,0.5,0.5,0.699772497734611
24,29,6.375650997917016,1,0,0.357,0.5,0.5,0.699772497734611
24,30,0.0,0,1,0.357,0.5,0.5,0.699772497734611
24,31,0.9102962045132852,1,0,0.357,0.5,0.5,0.699772497734611
24,32,0.0,0,1,0.357,0.5,0.5,0.699772497734611
24,33,0.0,0,1,0.357,0.5,0.5,0.699772497734611
24,34,0.0,0,1,0.357,0.5,0.5,0.699772497734611
24,35,0.0,0,1,0.357,0.5,0.5,0.699772497734611
24,36,2.289554180725614,1,0,0.357,0.5,0.5,0.699772497734611
24,37,0.0,0,1,0.357,0.5,0.5,0.699772497734611
24,38,0.013806668470279617,1,0,0.357,0.5,0.5,0.699772497734611
24,39,2.416825098541598,2,0,0.357,0.5,0.5,0.699772497734611
24,40,0.0,0,1,0.357,0.5,0.5,0.699772497734611
24,41,0.0,0,1,0.357,0.5,0.5,0.699772497734611
24,42,0.0,0,1,0.357,0.5,0.5,0.699772497734611
24,43,0.0,0,1,0.357,0.5,0.5,0.699772497734611
24,44,0.0,0,1,0.357,0.5,0.5,0.699772497734611
24,45,1.6472451905633794,1,0,0.357,0.5,0.5,0.699772497734611
24,46,1.23430366359438,1,0,0.357,0.5,0.5,0.699772497734611
24,47,0.0,0,1,0.357,0.5,0.5,0.699772497734611
24,48,0.0,0,1,0.357,0.5,0.5,0.699772497734611
24,49,0.0,0,1,0.357,0.5,0.5,0.699772497734611
25,0,0.0,0,1,0.357,0.5,0.5,0.699772497734611
25,1,0.8428575306444995,1,0,0.357,0.5,0.5,0.699772497734611
25,2,1.1151409949714166,1,0,0.357,0.5,0.5,0.699772497734611
25,3,0.5436064663433692,1,0,0.357,0.5,0.5,0.699772497734611
25,4,0.0,0,1,0.357,0.5,0.5,0.699772497734611
25,5,2.0616477825570154,2,0,0.357,0.5,0.5,0.699772497734611
25,6,0.0,0,1,0.357,0.5,0.5,0.699772497734611
25,7,0.0,0,1,0.357,0.5,0.5,0.699772497734611
25,8,1.6187153614699175,1,0,0.357,0.5,0.5,0.699772497734611
25,9,0.0,0,1,0.357,0.5,0.5,0.699772497734611
25,10,0.0,0,1,0.357,0.5,0.5,0.699772497734611
25,11,0.0,0,1,0.357,0.5,0.5,0.699772497734611
25,12,0.0,0,1,0.357,0.5,0.5,0.699772497734611
25,13,0.0,0,1,0.357,0.5,0.5,0.699772497734611
25,14,0.0,0,1,0.357,0.5,0.5,0.699772497734611
25,15,0.0,0,1,0.357,0.5,0.5,0.699772497734611
25,16,0.0,0,1,0.357,0.5,0.5,0.699772497734611
25,17,0.0,0,1,0.357,0.5,0.5,0.699772497734611
25,18,0.0,0,1,0.357,0.5,0.5,0.699772497734611
25,19,0.0,0,1,0.357,0.5,0.5,0.699772497734611
25,20,0.0,0,1,0.357,0.5,0.5,0.699772497734611
25,21,0.0,0,1,0.357,0.5,0.5,0.699772497734611
25,22,0.0,0,1,0.357,0.5,0.5,0.699772497734611
25,23,0.0,0,1,0.357,0.5,0.5,0.699772497734611
25,24,0.0,0,1,0.357,0.5,0.5,0.699772497734611
25,25,0.0,0,1,0.357,0.5,0.5,0.699772497734611
25,26,3.982406924288222,3,0,0.357,0.5,0.5,0.699772497734611
25,27,0.0,0,1,0.357,0.5,0.5,0.699772497734611
25,28,0.0,0,1,0.357,0.5,0.5,0.699772497734611
25,29,0.0,0,1,0.357,0.5,0.5,0.699772497734611
25,30,0.0,0,1,0.357,0.5,0.5,0.699772497734611
25,31,0.0,0,1,0.357,0.5,0.5,0.699772497734611
25,32,0.0,0,1,0.357,0.5,0.5,0.699772497734611
25,33,0.0,0,1,0.357,0.5,0.5,0.699772497734611
25,34,0.0,0,1,0.357,0.5,0.5,0.699772497734611
25,35,0.0,0,1,0.357,0.5,0.5,0.699772497734611
25,36,0.0,0,1,0.357,0.5,0.5,0.699772497734611
25,37,0.7521396744740344,1,0,0.357,0.5,0.5,0.699772497734611
25,38,0.0,0,1,0.357,0.5,0.5,0.699772497734611
25,39,0.0,0,1,0.357,0.5,0.5,0.699772497734611
25,40,0.28266132339653555,2,0,0.357,0.5,0.5,0.699772497734611
25,41,0.0,0,1,0.357,0.5,0.5,0.699772497734611
25,42,0.0,0,1,0.357,0.5,0.5,0.699772497734611
25,43,3.3306730716957493,1,0,0.357,0.5,0.5,0.699772497734611
25,44,0.0,0,1,0.357,0.5,0.5,0.699772497734611
25,45,0.0,0,1,0.357,0.5,0.5,0.699772497734611
25,46,0.0,0,1,0.357,0.5,0.5,0.699772497734611
25,47,0.0,0,1,0.357,0.5,0.5,0.699772497734611
25,48,0.0,0,1,0.357,0.5,0.5,0.699772497734611
25,49,0.0,0,1,0.357,0.5,0.5,0.699772497734611
26,0,0.0,0,1,0.357,0.5,0.5,0.699772497734611
26,1,0.0,0,1,0.357,0.5,0.5,0.699772497734611
26,2,0.0,0,1,0.357,0.5,0.5,0.699772497734611
26,3,0.0,0,1,0.357,0.5,0.5,0.699772497734611
26,4,0.0,0,1,0.357,0.5,0.5,0.699772497734611
26,5,0.7690644351484461,1,0,0.357,0.5,0.5,0.699772497734611
26,6,0.0,0,1,0.357,0.5,0.5,0.699772497734611
26,7,0.0,0,1,0.357,0.5,0.5,0.699772497734611
26,8,0.0,0,1,0.357,0.5,0.5,0.699772497734611
26,9,0.0,0,1,0.357,0.5,0.5,0.699772497734611
26,10,0.0,0,1,0.357,0.5,0.5,0.699772497734611
26,11,1.3334861069812036,1,0,0.357,0.5,0.5,0.699772497734611
26,12,0.0,0,1,0.357,0.5,0.5,0.699772497734611
26,13,0.0,0,1,0.357,0.5,0.5,0.699772497734611
26,14,0.0,0,1,0.357,0.5,0.5,0.699772497734611
26,15,0.0,0,1,0.357,0.5,0.5,0.699772497734611
26,16,2.210914097408403,1,0,0.357,0.5,0.5,0.699772497734611
26,17,0.0,0,1,0.357,0.5,0.5,0.699772497734611
26,18,0.917874403094072,2,0,0.357,0.5,0.5,0.699772497734611
26,19,0.0,0,1,0.357,0.5,0.5,0.699772497734611
26,20,0.025611403941046256,1,0,0.357,0.5,0.5,0.699772497734611
26,21,0.06763347020418523,1,0,0.357,0.5,0.5,0.699772497734611
26,22,2.5882827105837163,1,0,0.357,0.5,0.5,0.699772497734611
26,23,0.027970080161551288,1,0,0.357,0.5,0.5,0.699772497734611
26,24,0.0,0,1,0.357,0.5,0.5,0.699772497734611
26,25,0.0,0,1,0.357,0.5,0.5,0.699772497734611
26,26,0.0,0,1,0.357,0.5,0.5,0.699772497734611
26,27,0.0,0,1,0.357,0.5,0.5,0.699772497734611
26,28,0.0,0,1,0.357,0.5,0.5,0.699772497734611
26,29,0.0008044697847460238,1,0,0.357,0.5,0.5,0.699772497734611
26,30,0.0,0,1,0.357,0.5,0.5,0.699772497734611
26,31,0.36476230984685876,1,0,0.357,0.5,0.5,0.699772497734611
26,32,0.17135692515598175,1,0,0.357,0.5,0.5,0.699772497734611
26,33,4.404393722053431,2,0,0.357,0.5,0.5,0.699772497734611
26,34,0.0,0,1,0.357,0.5,0.5,0.699772497734611
26,35,0.0,0,1,0.357,0.5,0.5,0.699772497734611
26,36,0.0,0,1,0.357,0.5,0.5,0.699772497734611
26,37,0.0,0,1,0.357,0.5,0.5,0.699772497734611
26,38,0.0,0,1,0.357,0.5,0.5,0.699772497734611
26,39,0.0,0,1,0.357,0.5,0.5,0.699772497734611
26,40,0.0,0,1,0.357,0.5,0.5,0.699772497734611
26,41,1.5248986098203297,1,0,0.357,0.5,0.5,0.699772497734611
26,42,0.0,0,1,0.357,0.5,0.5,0.699772497734611
26,43,0.0,0,1,0.357,0.5,0.5,0.699772497734611
26,44,0.9146750727026675,1,0,0.357,0.5,0.5,0.699772497734611
26,45,0.0,0,1,0.357,0.5,0.5,0.699772497734611
26,46,0.0,0,1,0.357,0.5,0.5,0.699772497734611
26,47,0.0,0,1,0.357,0.5,0.5,0.699772497734611
26,48,0.0,0,1,0.357,0.5,0.5,0.699772497734611
26,49,0.050435838103207925,1,0,0.357,0.5,0.5,0.699772497734611
27,0,0.0020293097779507784,1,0,0.357,0.5,0.5,0.699772497734611
27,1,0.0,0,1,0.357,0.5,0.5,0.699772497734611
27,2,0.0028248221746545433,1,0,0.357,0.5,0.5,0.699772497734611
27,3,0.0,0,1,0.357,0.5,0.5,0.699772497734611
27,4,3.689952781555379,1,0,0.357,0.5,0.5,0.699772497734611
27,5,0.24843980787516923,1,0,0.357,0.5,0.5,0.699772497734611
27,6,0.0,0,1,0.357,0.5,0.5,0.699772497734611
27,7,0.0,0,1,0.357,0.5,0.5,0.699772497734611
27,8,0.0,0,1,0.357,0.5,0.5,0.699772497734611
27,9,0.11178975177417134,2,0,0.357,0.5,0.5,0.699772497734611
27,10,0.0,0,1,0.357,0.5,0.5,0.699772497734611
27,11,0.0,0,1,0.357,0.5,0.5,0.699772497734611
27,12,0.0,0,1,0.357,0.5,0.5,0.699772497734611
27,13,0.0,0,1,0.357,0.5,0.5,0.699772497734611
27,14,0.056705388459086466,1,0,0.357,0.5,0.5,0.699772497734611
27,15,0.0,0,1,0.357,0.5,0.5,0.699772497734611
27,16,0.0,0,1,0.357,0.5,0.5,0.699772497734611
27,17,0.053623190896875894,1,0,0.357,0.5,0.5,0.699772497734611
27,18,5.384071443522534,2,0,0.357,0.5,0.5,0.699772497734611
27,19,0.0,0,1,0.357,0.5,0.5,0.699772497734611
27,20,0.0,0,1,0.357,0.5,0.5,0.699772497734611
27,21,2.240888052892066,1,0,0.357,0.5,0.5,0.699772497734611
27,22,0.0,0,1,0.357,0.5,0.5,0.699772497734611
27,23,0.0,0,1,0.357,0.5,0.5,0.699772497734611
27,24,0.0,0,1,0.357,0.5,0.5,0.699772497734611
27,25,0.06950319670821148,1,0,0.357,0.5,0.5,0.699772497734611
27,26,0.0,0,1,0.357,0.5,0.5,0.699772497734611
27,27,0.004873164008519809,1,0,0.357,0.5,0.5,0.699772497734611
27,28,0.0,0,1,0.357,0.5,0.5,0.699772497734611
27,29,0.0,0,1,0.357,0.5,0.5,0.699772497734611
27,30,0.0,0,1,0.357,0.5,0.5,0.699772497734611
27,31,0.0,0,1,0.357,0.5,0.5,0.699772497734611
27,32,3.6741234012180013,2,0,0.357,0.5,0.5,0.699772497734611
27,33,0.0,0,1,0.357,0.5,0.5,0.699772497734611
27,34,0.0,0,1,0.357,0.5,0.5,0.699772497734611
27,35,0.8703188800273303,1,0,0.357,0.5,0.5,0.699772497734611
27,36,0.1955562889779802,1,0,0.357,0.5,0.5,0.699772497734611
27,37,0.0,0,1,0.357,0.5,0.5,0.699772497734611
27,38,0.0,0,1,0.357,0.5,0.5,0.699772497734611
27,39,0.0,0,1,0.357,0.5,0.5,0.699772497734611
27,40,0.0,0,1,0.357,0.5,0.5,0.699772497734611
27,41,0.0,0,1,0.357,0.5,0.5,0.699772497734611
27,42,0.5077433861298054,1,0,0.357,0.5,0.5,0.699772497734611
27,43,0.0,0,1,0.357,0.5,0.5,0.699772497734611
27,44,0.0,0,1,0.357,0.5,0.5,0.699772497734611
27,45,0.0,0,1,0.357,0.5,0.5,0.699772497734611
27,46,0.0,0,1,0.357,0.5,0.5,0.699772497734611
27,47,0.49009358963990957,1,0,0.357,0.5,0.5,0.699772497734611
27,48,0.0,0,1,0.357,0.5,0.5,0.699772497734611
27,49,0.014599495733924935,1,0,0.357,0.5,0.5,0.699772497734611
28,0,0.5909053213068104,2,0,0.357,0.5,0.5,0.699772497734611
28,1,0.0,0,1,0.357,0.5,0.5,0.699772497734611
28,2,0.0,0,1,0.357,0.5,0.5,0.699772497734611
28,3,0.0,0,1,0.357,0.5,0.5,0.699772497734611
28,4,0.0,0,1,0.357,0.5,0.5,0.699772497734611
28,5,0.0,0,1,0.357,0.5,0.5,0.699772497734611
28,6,0.0,0,1,0.357,0.5,0.5,0.699772497734611
28,7,1.1415561727318162,1,0,0.357,0.5,0.5,0.699772497734611
28,8,0.0,0,1,0.357,0.5,0.5,0.699772497734611
28,9,1.1453396329210697,1,0,0.357,0.5,0.5,0.699772497734611
28,10,0.0,0,1,0.357,0.5,0.5,0.699772497734611
28,11,0.0,0,1,0.357,0.5,0.5,0.699772497734611
28,12,0.000282451300861659,1,0,0.357,0.5,0.5,0.699772497734611
28,13,0.0,0,1,0.357,0.5,0.5,0.699772497734611
28,14,0.0,0,1,0.357,0.5,0.5,0.699772497734611
28,15,0.0,0,1,0.357,0.5,0.5,0.699772497734611
28,16,0.0,0,1,0.357,0.5,0.5,0.699772497734611
28,17,0.0,0,1,0.357,0.5,0.5,0.699772497734611
28,18,0.0,0,1,0.357,0.5,0.5,0.699772497734611
28,19,0.0,0,1,0.357,0.5,0.5,0.699772497734611
28,20,0.0,0,1,0.357,0.5,0.5,0.699772497734611
28,21,0.0,0,1,0.357,0.5,0.5,0.699772497734611
28,22,0.0,0,1,0.357,0.5,0.5,0.699772497734611
28,23,2.1028487012080954,1,0,0.357,0.5,0.5,0.699772497734611
28,24,0.0,0,1,0.357,0.5,0.5,0.699772497734611
28,25,0.6486077700537602,1,0,0.357,0.5,0.5,0.699772497734611
28,26,0.0,0,1,0.357,0.5,0.5,0.699772497734611
28,27,0.05017677326233292,1,0,0.357,0.5,0.5,0.699772497734611
28,28,0.0,0,1,0.357,0.5,0.5,0.699772497734611
28,29,0.21705384057174243,1,0,0.357,0.5,0.5,0.699772497734611
28,30,0.6956496196417925,1,0,0.357,0.5,0.5,0.699772497734611
28,31,0.04375076940971565,1,0,0.357,0.5,0.5,0.699772497734611
28,32,1.042109936425621,1,0,0.357,0.5,0.5,0.699772497734611
28,33,0.0,0,1,0.357,0.5,0.5,0.699772497734611
28,34,0.035477349857486316,1,0,0.357,0.5,0.5,0.699772497734611
28,35,0.0,0,1,0.357,0.5,0.5,0.699772497734611
28,36,0.2039294427417285,1,0,0.357,0.5,0.5,0.699772497734611
28,37,0.10929366425253036,1,0,0.357,0.5,0.5,0.699772497734611
28,38,0.0,0,1,0.357,0.5,0.5,0.699772497734611
28,39,0.17271376941886157,1,0,0.357,0.5,0.5,0.699772497734611
28,40,0.0,0,1,0.357,0.5,0.5,0.699772497734611
28,41,0.0,0,1,0.357,0.5,0.5,0.699772497734611
28,42,0.0,0,1,0.357,0.5,0.5,0.699772497734611
28,43,0.0,0,1,0.357,0.5,0.5,0.699772497734611
28,44,0.0973854349346489,1,0,0.357,0.5,0.5,0.699772497734611
28,45,0.0,0,1,0.357,0.5,0.5,0.699772497734611
28,46,0.0,0,1,0.357,0.5,0.5,0.699772497734611
28,47,0.0,0,1,0.357,0.5,0.5,0.699772497734611
28,48,0.21462904733742547,1,0,0.357,0.5,0.5,0.699772497734611
28,49,1.7152215488091767,2,0,0.357,0.5,0.5,0.699772497734611
29,0,0.0748483865581316,1,0,0.357,0.5,0.5,0.699772497734611
29,1,0.0,0,1,0.357,0.5,0.5,0.699772497734611
29,2,0.0,0,1,0.357,0.5,0.5,0.699772497734611
29,3,0.0,0,1,0.357,0.5,0.5,0.699772497734611
29,4,0.3097097674347227,1,0,0.357,0.5,0.5,0.699772497734611
29,5,0.0,0,1,0.357,0.5,0.5,0.699772497734611
29,6,0.0,0,1,0.357,0.5,0.5,0.699772497734611
29,7,0.0,0,1,0.357,0.5,0.5,0.699772497734611
29,8,0.0,0,1,0.357,0.5,0.5,0.699772497734611
29,9,0.0,0,1,0.357,0.5,0.5,0.699772497734611
29,10,0.0,0,1,0.357,0.5,0.5,0.699772497734611
29,11,0.0,0,1,0.357,0.5,0.5,0.699772497734611
29,12,0.0,0,1,0.357,0.5,0.5,0.699772497734611
29,13,2.2075012315768836,2,0,0.357,0.5,0.5,0.699772497734611
29,14,0.0,0,1,0.357,0.5,0.5,0.699772497734611
29,15,0.0,0,1,0.357,0.5,0.5,0.699772497734611
29,16,4.537195793952582,2,0,0.357,0.5,0.5,0.699772497734611
29,17,0.13819348691240183,1,0,0.357,0.5,0.5,0.699772497734611
29,18,0.0,0,1,0.357,0.5,0.5,0.699772497734611
29,19,0.0,0,1,0.357,0.5,0.5,0.699772497734611
29,20,0.0,0,1,0.357,0.5,0.5,0.699772497734611
29,21,0.0,0,1,0.357,0.5,0.5,0.699772497734611
29,22,0.31792856074631465,1,0,0.357,0.5,0.5,0.699772497734611
29,23,0.0,0,1,0.357,0.5,0.5,0.699772497734611
29,24,0.7878821295718584,2,0,0.357,0.5,0.5,0.699772497734611
29,25,0.0,0,1,0.357,0.5,0.5,0.699772497734611
29,26,1.6942432210512133,1,0,0.357,0.5,0.5,0.699772497734611
29,27,0.0,0,1,0.357,0.5,0.5,0.699772497734611
29,28,1.0538235814353683,1,0,0.357,0.5,0.5,0.699772497734611
29,29,0.0,0,1,0.357,0.5,0.5,0.699772497734611
29,30,0.0,0,1,0.357,0.5,0.5,0.699772497734611
29,31,0.13297570854352073,1,0,0.357,0.5,0.5,0.699772497734611
29,32,0.08188621929402845,1,0,0.357,0.5,0.5,0.699772497734611
29,33,0.0,0,1,0.357,0.5,0.5,0.699772497734611
29,34,1.189473411904571,1,0,0.357,0.5,0.5,0.699772497734611
29,35,0.7324350770274296,2,0,0.357,0.5,0.5,0.699772497734611
29,36,0.0,0,1,0.357,0.5,0.5,0.699772497734611
29,37,1.4229873764286343,1,0,0.357,0.5,0.5,0.699772497734611
29,38,0.0,0,1,0.357,0.5,0.5,0.699772497734611
29,39,0.0,0,1,0.357,0.5,0.5,0.699772497734611
29,40,0.11167285006837799,1,0,0.357,0.5,0.5,0.699772497734611
29,41,0.21782167660661544,1,0,0.357,0.5,0.5,0.699772497734611
29,42,0.0,0,1,0.357,0.5,0.5,0.699772497734611
29,43,0.0,0,1,0.357,0.5,0.5,0.699772497734611
29,44,0.22554284290355445,1,0,0.357,0.5,0.5,0.699772497734611
29,45,0.0,0,1,0.357,0.5,0.5,0.699772497734611
29,46,0.0,0,1,0.357,0.5,0.5,0.699772497734611
29,47,0.0,0,1,0.357,0.5,0.5,0.699772497734611
29,48,0.04324350562181962,1,0,0.357,0.5,0.5,0.699772497734611
29,49,0.0,0,1,0.357,0.5,0.5,0.699772497734611
30,0,0.0,0,1,0.357,0.5,0.5,0.699772497734611
30,1,0.0,0,1,0.357,0.5,0.5,0.699772497734611
30,2,0.0,0,1,0.357,0.5,0.5,0.699772497734611
30,3,2.8747160014986193,1,0,0.357,0.5,0.5,0.699772497734611
30,4,1.991215715564351,2,0,0.357,0.5,0.5,0.699772497734611
30,5,0.0,0,1,0.357,0.5,0.5,0.699772497734611
30,6,1.3771522346719263,1,0,0.357,0.5,0.5,0.699772497734611
30,7,0.0,0,1,0.357,0.5,0.5,0.699772497734611
30,8,0.0,0,1,0.357,0.5,0.5,0.699772497734611
30,9,0.0,0,1,0.357,0.5,0.5,0.699772497734611
30,10,0.0,0,1,0.357,0.5,0.5,0.699772497734611
30,11,0.0,0,1,0.357,0.5,0.5,0.699772497734611
30,12,0.0,0,1,0.357,0.5,0.5,0.699772497734611
30,13,0.0,0,1,0.357,0.5,0.5,0.699772497734611
30,14,0.0,0,1,0.357,0.5,0.5,0.699772497734611
30,15,0.12692890995609737,1,0,0.357,0.5,0.5,0.699772497734611
30,16,0.8766685690709684,1,0,0.357,0.5,0.5,0.699772497734611
30,17,0.7842574839022419,2,0,0.357,0.5,0.5,0.699772497734611
30,18,0.16430099382810567,1,0,0.357,0.5,0.5,0.699772497734611
30,19,1.5008052751420873,2,0,0.357,0.5,0.5,0.699772497734611
30,20,0.0,0,1,0.357,0.5,0.5,0.699772497734611
30,21,0.0,0,1,0.357,0.5,0.5,0.699772497734611
30,22,0.0,0,1,0.357,0.5,0.5,0.699772497734611
30,23,0.0,0,1,0.357,0.5,0.5,0.699772497734611
30,24,0.0009894266846133283,1,0,0.357,0.5,0.5,0.699772497734611
30,25,0.0,0,1,0.357,0.5,0.5,0.699772497734611
30,26,0.0,0,1,0.357,0.5,0.5,0.699772497734611
30,27,0.0,0,1,0.357,0.5,0.5,0.699772497734611
30,28,0.0,0,1,0.357,0.5,0.5,0.699772497734611
30,29,0.0,0,1,0.357,0.5,0.5,0.699772497734611
30,30,0.16177025462527408,1,0,0.357,0.5,0.5,0.699772497734611
30,31,0.0,0,1,0.357,0.5,0.5,0.699772497734611
30,32,0.0,0,1,0.357,0.5,0.5,0.699772497734611
30,33,2.6681209418733474,1,0,0.357,0.5,0.5,0.699772497734611
30,34,2.459176223197813,1,0,0.357,0.5,0.5,0.699772497734611
30,35,0.6487619094404565,1,0,0.357,0.5,0.5,0.699772497734611
30,36,0.0,0,1,0.357,0.5,0.5,0.699772497734611
30,37,0.0,0,1,0.357,0.5,0.5,0.699772497734611
30,38,1.4999209045612456,2,0,0.357,0.5,0.5,0.699772497734611
30,39,0.0,0,1,0.357,0.5,0.5,0.699772497734611
30,40,0.0002313783638016536,1,0,0.357,0.5,0.5,0.699772497734611
30,41,0.0,0,1,0.357,0.5,0.5,0.699772497734611
30,42,0.0,0,1,0.357,0.5,0.5,0.699772497734611
30,43,0.0,0,1,0.357,0.5,0.5,0.699772497734611
30,44,0.0,0,1,0.357,0.5,0.5,0.699772497734611
30,45,0.0,0,1,0.357,0.5,0.5,0.699772497734611
30,46,0.0,0,1,0.357,0.5,0.5,0.699772497734611
30,47,0.12614208030707194,1,0,0.357,0.5,0.5,0.699772497734611
30,48,0.0,0,1,0.357,0.5,0.5,0.699772497734611
30,49,0.0,0,1,0.357,0.5,0.5,0.699772497734611
31,0,0.0,0,1,0.357,0.5,0.5,0.699772497734611
31,1,0.0,0,1,0.357,0.5,0.5,0.699772497734611
31,2,0.0,0,1,0.357,0.5,0.5,0.699772497734611
31,3,0.0,0,1,0.357,0.5,0.5,0.699772497734611
31,4,0.0,0,1,0.357,0.5,0.5,0.699772497734611
31,5,0.0,0,1,0.357,0.5,0.5,0.699772497734611
31,6,0.0,0,1,0.357,0.5,0.5,0.699772497734611
31,7,0.0,0,1,0.357,0.5,0.5,0.699772497734611
31,8,0.0,0,1,0.357,0.5,0.5,0.699772497734611
31,9,0.0,0,1,0.357,0.5,0.5,0.699772497734611
31,10,0.0,0,1,0.357,0.5,0.5,0.699772497734611
31,11,0.0,0,1,0.357,0.5,0.5,0.699772497734611
31,12,0.0,0,1,0.357,0.5,0.5,0.699772497734611
31,13,0.0,0,1,0.357,0.5,0.5,0.699772497734611
31,14,0.3548547908997952,1,0,0.357,0.5,0.5,0.699772497734611
31,15,0.0,0,1,0.357,0.5,0.5,0.699772497734611
31,16,0.011889258584913765,1,0,0.357,0.5,0.5,0.699772497734611
31,17,0.04450426845238246,1,0,0.357,0.5,0.5,0.699772497734611
31,18,0.0,0,1,0.357,0.5,0.5,0.699772497734611
31,19,0.0,0,1,0.357,0.5,0.5,0.699772497734611
31,20,0.0,0,1,0.357,0.5,0.5,0.699772497734611
31,21,0.0,0,1,0.357,0.5,0.5,0.699772497734611
31,22,0.0,0,1,0.357,0.5,0.5,0.699772497734611
31,23,0.4566101034498041,1,0,0.357,0.5,0.5,0.699772497734611
31,24,0.0,0,1,0.357,0.5,0.5,0.699772497734611
31,25,0.0,0,1,0.357,0.5,0.5,0.699772497734611
31,26,0.0,0,1,0.357,0.5,0.5,0.699772497734611
31,27,1.617791549930074,1,0,0.357,0.5,0.5,0.699772497734611
31,28,0.0,0,1,0.357,0.5,0.5,0.699772497734611
31,29,0.0,0,1,0.357,0.5,0.5,0.699772497734611
31,30,0.9561175906463739,1,0,0.357,0.5,0.5,0.699772497734611
31,31,0.0,0,1,0.357,0.5,0.5,0.699772497734611
31,32,0.0,0,1,0.357,0.5,0.5,0.699772497734611
31,33,0.0,0,1,0.357,0.5,0.5,0.699772497734611
31,34,0.20390965133479746,1,0,0.357,0.5,0.5,0.699772497734611
31,35,0.0,0,1,0.357,0.5,0.5,0.699772497734611
31,36,0.0,0,1,0.357,0.5,0.5,0.699772497734611
31,37,1.2518652706059243,1,0,0.357,0.5,0.5,0.699772497734611
31,38,0.0,0,1,0.357,0.5,0.5,0.699772497734611
31,39,2.3415307024657523,1,0,0.357,0.5,0.5,0.699772497734611
31,40,7.88074288862041,1,0,0.357,0.5,0.5,0.699772497734611
31,41,0.0,0,1,0.357,0.5,0.5,0.699772497734611
31,42,0.013454775252998947,1,0,0.357,0.5,0.5,0.699772497734611
31,43,0.0,0,1,0.357,0.5,0.5,0.699772497734611
31,44,0.0,0,1,0.357,0.5,0.5,0.699772497734611
31,45,0.0,0,1,0.357,0.5,0.5,0.699772497734611
31,46,0.0,0,1,0.357,0.5,0.5,0.699772497734611
31,47,0.0,0,1,0.357,0.5,0.5,0.699772497734611
31,48,6.208519366296697,1,0,0.357,0.5,0.5,0.699772497734611
31,49,0.0,0,1,0.357,0.5,0.5,0.699772497734611
32,0,0.0,0,1,0.357,0.5,0.5,0.699772497734611
32,1,0.0,0,1,0.357,0.5,0.5,0.699772497734611
32,2,0.0,0,1,0.357,0.5,0.5,0.699772497734611
32,3,0.6415564043179847,2,0,0.357,0.5,0.5,0.699772497734611
32,4,0.0,0,1,0.357,0.5,0.5,0.699772497734611
32,5,0.0,0,1,0.357,0.5,0.5,0.699772497734611
32,6,0.0,0,1,0.357,0.5,0.5,0.699772497734611
32,7,0.027549404386049123,1,0,0.357,0.5,0.5,0.699772497734611
32,8,0.0,0,1,0.357,0.5,0.5,0.699772497734611
32,9,0.0,0,1,0.357,0.5,0.5,0.699772497734611
32,10,0.0,0,1,0.357,0.5,0.5,0.699772497734611
32,11,0.7565690281395563,2,0,0.357,0.5,0.5,0.699772497734611
32,12,1.3697354013229093,1,0,0.357,0.5,0.5,0.699772497734611
32,13,0.0,0,1,0.357,0.5,0.5,0.699772497734611
32,14,0.0,0,1,0.357,0.5,0.5,0.699772497734611
32,15,0.0,0,1,0.357,0.5,0.5,0.699772497734611
32,16,0.7157524983683052,1,0,0.357,0.5,0.5,0.699772497734611
32,17,0.0,0,1,0.357,0.5,0.5,0.699772497734611
32,18,0.0,0,1,0.357,0.5,0.5,0.699772497734611
32,19,0.6642821095105423,1,0,0.357,0.5,0.5,0.699772497734611
32,20,0.0,0,1,0.357,0.5,0.5,0.699772497734611
32,21,0.8713810702471735,1,0,0.357,0.5,0.5,0.699772497734611
32,22,0.0,0,1,0.357,0.5,0.5,0.699772497734611
32,23,0.7867846179134297,1,0,0.357,0.5,0.5,0.699772497734611
32,24,0.21660299862973303,1,0,0.357,0.5,0.5,0.699772497734611
32,25,0.0,0,1,0.357,0.5,0.5,0.699772497734611
32,26,0.0,0,1,0.357,0.5,0.5,0.699772497734611
32,27,0.18444505984624235,1,0,0.357,0.5,0.5,0.699772497734611
32,28,0.30510673595025173,1,0,0.357,0.5,0.5,0.699772497734611
32,29,0.0,0,1,0.357,0.5,0.5,0.699772497734611
32,30,0.016165038161756958,1,0,0.357,0.5,0.5,0.699772497734611
32,31,4.74708202759359,2,0,0.357,0.5,0.5,0.699772497734611
32,32,0.0,0,1,0.357,0.5,0.5,0.699772497734611
32,33,0.36935492127730524,1,0,0.357,0.5,0.5,0.699772497734611
32,34,0.0,0,1,0.357,0.5,0.5,0.699772497734611
32,35,0.0,0,1,0.357,0.5,0.5,0.699772497734611
32,36,0.0,0,1,0.357,0.5,0.5,0.699772497734611
32,37,0.0,0,1,0.357,0.5,0.5,0.699772497734611
32,38,1.3616559704476598,1,0,0.357,0.5,0.5,0.699772497734611
32,39,0.21766788619266264,1,0,0.357,0.5,0.5,0.699772497734611
32,40,0.0,0,1,0.357,0.5,0.5,0.699772497734611
32,41,0.5116418493218767,1,0,0.357,0.5,0.5,0.699772497734611
32,42,0.0,0,1,0.357,0.5,0.5,0.699772497734611
32,43,0.0,0,1,0.357,0.5,0.5,0.699772497734611
32,44,0.5875803212608894,1,0,0.357,0.5,0.5,0.699772497734611
32,45,0.0,0,1,0.357,0.5,0.5,0.699772497734611
32,46,0.0,0,1,0.357,0.5,0.5,0.699772497734611
32,47,0.0,0,1,0.357,0.5,0.5,0.699772497734611
32,48,0.0,0,1,0.357,0.5,0.5,0.699772497734611
32,49,0.0,0,1,0.357,0.5,0.5,0.699772497734611
33,0,0.0,0,1,0.357,0.5,0.5,0.699772497734611
33,1,0.44258437841525755,1,0,0.357,0.5,0.5,0.699772497734611
33,2,0.0,0,1,0.357,0.5,0.5,0.699772497734611
33,3,1.665883477005856,2,0,0.357,0.5,0.5,0.699772497734611
33,4,0.0,0,1,0.357,0.5,0.5,0.699772497734611
33,5,0.0,0,1,0.357,0.5,0.5,0.699772497734611
33,6,0.0,0,1,0.357,0.5,0.5,0.699772497734611
33,7,0.0,0,1,0.357,0.5,0.5,0.699772497734611
33,8,0.40524441437968367,1,0,0.357,0.5,0.5,0.699772497734611
33,9,0.08371946922612802,1,0,0.357,0.5,0.5,0.699772497734611
33,10,0.0,0,1,0.357,0.5,0.5,0.699772497734611
33,11,0.0,0,1,0.357,0.5,0.5,0.699772497734611
33,12,0.0,0,1,0.357,0.5,0.5,0.699772497734611
33,13,0.17386509859587626,1,0,0.357,0.5,0.5,0.699772497734611
33,14,0.022589605299265295,1,0,0.357,0.5,0.5,0.699772497734611
33,15,0.0,0,1,0.357,0.5,0.5,0.699772497734611
33,16,0.0,0,1,0.357,0.5,0.5,0.699772497734611
33,17,0.044362444780420014,1,0,0.357,0.5,0.5,0.699772497734611
33,18,0.3714715549678716,1,0,0.357,0.5,0.5,0.699772497734611
33,19,0.2738189139708156,1,0,0.357,0.5,0.5,0.699772497734611
33,20,0.0,0,1,0.357,0.5,0.5,0.699772497734611
33,21,0.33168626127134393,1,0,0.357,0.5,0.5,0.699772497734611
33,22,0.03909237331121258,1,0,0.357,0.5,0.5,0.699772497734611
33,23,0.0,0,1,0.357,0.5,0.5,0.699772497734611
33,24,0.0,0,1,0.357,0.5,0.5,0.699772497734611
33,25,0.0,0,1,0.357,0.5,0.5,0.699772497734611
33,26,0.0,0,1,0.357,0.5,0.5,0.699772497734611
33,27,2.674004790482709,1,0,0.357,0.5,0.5,0.699772497734611
33,28,0.0,0,1,0.357,0.5,0.5,0.699772497734611
33,29,4.248959469172539,1,0,0.357,0.5,0.5,0.699772497734611
33,30,0.07197392272255378,1,0,0.357,0.5,0.5,0.699772497734611
33,31,0.0,0,1,0.357,0.5,0.5,0.699772497734611
33,32,0.0,0,1,0.357,0.5,0.5,0.699772497734611
33,33,0.37877957115681915,1,0,0.357,0.5,0.5,0.699772497734611
33,34,0.0,0,1,0.357,0.5,0.5,0.699772497734611
33,35,0.0,0,1,0.357,0.5,0.5,0.699772497734611
33,36,0.0,0,1,0.357,0.5,0.5,0.699772497734611
33,37,0.0,0,1,0.357,0.5,0.5,0.699772497734611
33,38,1.1329955590233114,1,0,0.357,0.5,0.5,0.699772497734611
33,39,0.0,0,1,0.357,0.5,0.5,0.699772497734611
33,40,0.0,0,1,0.357,0.5,0.5,0.699772497734611
33,41,0.0,0,1,0.357,0.5,0.5,0.699772497734611
33,42,0.11886861306119471,1,0,0.357,0.5,0.5,0.699772497734611
33,43,0.0,0,1,0.357,0.5,0.5,0.699772497734611
33,44,0.0,0,1,0.357,0.5,0.5,0.699772497734611
33,45,0.0,0,1,0.357,0.5,0.5,0.699772497734611
33,46,0.13365096873401308,1,0,0.357,0.5,0.5,0.699772497734611
33,47,0.0,0,1,0.357,0.5,0.5,0.699772497734611
33,48,3.1248814759696857,1,0,0.357,0.5,0.5,0.699772497734611
33,49,0.0,0,1,0.357,0.5,0.5,0.699772497734611
34,0,0.06204376693074711,1,0,0.357,0.5,0.5,0.699772497734611
34,1,0.0,0,1,0.357,0.5,0.5,0.699772497734611
34,2,0.0,0,1,0.357,0.5,0.5,0.699772497734611
34,3,0.13320093755477383,1,0,0.357,0.5,0.5,0.699772497734611
34,4,0.24533084600889374,1,0,0.357,0.5,0.5,0.699772497734611
34,5,0.0,0,1,0.357,0.5,0.5,0.699772497734611
34,6,0.0,0,1,0.357,0.5,0.5,0.699772497734611
34,7,0.0,0,1,0.357,0.5,0.5,0.699772497734611
34,8,0.0,0,1,0.357,0.5,0.5,0.699772497734611
34,9,0.0,0,1,0.357,0.5,0.5,0.699772497734611
34,10,0.0,0,1,0.357,0.5,0.5,0.699772497734611
34,11,0.0,0,1,0.357,0.5,0.5,0.699772497734611
34,12,0.8318931465569707,1,0,0.357,0.5,0.5,0.699772497734611
34,13,0.0,0,1,0.357,0.5,0.5,0.699772497734611
34,14,0.07856619593997208,1,0,0.357,0.5,0.5,0.699772497734611
34,15,0.0,0,1,0.357,0.5,0.5,0.699772497734611
34,16,0.12151125168085807,1,0,0.357,0.5,0.5,0.699772497734611
34,17,0.0,0,1,0.357,0.5,0.5,0.699772497734611
34,18,0.0,0,1,0.357,0.5,0.5,0.699772497734611
34,19,0.0,0,1,0.357,0.5,0.5,0.699772497734611
34,20,0.0,0,1,0.357,0.5,0.5,0.699772497734611
34,21,0.027522050373504043,1,0,0.357,0.5,0.5,0.699772497734611
34,22,0.0,0,1,0.357,0.5,0.5,0.699772497734611
34,23,1.8669094762805039,1,0,0.357,0.5,0.5,0.699772497734611
34,24,0.0,0,1,0.357,0.5,0.5,0.699772497734611
34,25,0.0,0,1,0.357,0.5,0.5,0.699772497734611
34,26,0.0,0,1,0.357,0.5,0.5,0.699772497734611
34,27,0.0,0,1,0.357,0.5,0.5,0.699772497734611
34,28,0.1881201070571529,2,0,0.357,0.5,0.5,0.699772497734611
34,29,0.1560915952721172,1,0,0.357,0.5,0.5,0.699772497734611
34,30,1.1857532775022637,1,0,0.357,0.5,0.5,0.699772497734611
34,31,0.21933824020704293,1,0,0.357,0.5,0.5,0.699772497734611
34,32,0.0,0,1,0.357,0.5,0.5,0.699772497734611
34,33,0.0,0,1,0.357,0.5,0.5,0.699772497734611
34,34,0.0,0,1,0.357,0.5,0.5,0.699772497734611
34,35,0.0,0,1,0.357,0.5,0.5,0.699772497734611
34,36,0.0,0,1,0.357,0.5,0.5,0.699772497734611
34,37,0.0,0,1,0.357,0.5,0.5,0.699772497734611
34,38,0.0,0,1,0.357,0.5,0.5,0.699772497734611
34,39,0.24460595856479025,1,0,0.357,0.5,0.5,0.699772497734611
34,40,0.37370171676396235,1,0,0.357,0.5,0.5,0.699772497734611
34,41,0.0,0,1,0.357,0.5,0.5,0.699772497734611
34,42,0.0,0,1,0.357,0.5,0.5,0.699772497734611
34,43,0.0,0,1,0.357,0.5,0.5,0.699772497734611
34,44,0.0,0,1,0.357,0.5,0.5,0.699772497734611
34,45,0.0,0,1,0.357,0.5,0.5,0.699772497734611
34,46,0.0,0,1,0.357,0.5,0.5,0.699772497734611
34,47,0.0,0,1,0.357,0.5,0.5,0.699772497734611
34,48,0.0,0,1,0.357,0.5,0.5,0.699772497734611
34,49,0.0,0,1,0.357,0.5,0.5,0.699772497734611
35,0,0.0,0,1,0.357,0.5,0.5,0.699772497734611
35,1,0.0,0,1,0.357,0.5,0.5,0.699772497734611
35,2,0.0,0,1,0.357,0.5,0.5,0.699772497734611
35,3,0.0,0,1,0.357,0.5,0.5,0.699772497734611
35,4,0.0,0,1,0.357,0.5,0.5,0.699772497734611
35,5,0.0,0,1,0.357,0.5,0.5,0.699772497734611
35,6,0.0,0,1,0.357,0.5,0.5,0.699772497734611
35,7,0.0,0,1,0.357,0.5,0.5,0.699772497734611
35,8,0.0,0,1,0.357,0.5,0.5,0.699772497734611
35,9,0.0,0,1,0.357,0.5,0.5,0.699772497734611
35,10,1.0067245852720994,1,0,0.357,0.5,0.5,0.699772497734611
35,11,0.0,0,1,0.357,0.5,0.5,0.699772497734611
35,12,0.7792859915999321,1,0,0.357,0.5,0.5,0.699772497734611
35,13,0.0,0,1,0.357,0.5,0.5,0.699772497734611
35,14,0.0,0,1,0.357,0.5,0.5,0.699772497734611
35,15,0.3900463051017334,2,0,0.357,0.5,0.5,0.699772497734611
35,16,0.0,0,1,0.357,0.5,0.5,0.699772497734611
35,17,0.0,0,1,0.357,0.5,0.5,0.699772497734611
35,18,1.2964638615357791e-05,1,0,0.357,0.5,0.5,0.699772497734611
35,19,0.4057430164795915,1,0,0.357,0.5,0.5,0.699772497734611
35,20,0.0,0,1,0.357,0.5,0.5,0.699772497734611
35,21,0.3511321226125367,2,0,0.357,0.5,0.5,0.699772497734611
35,22,0.6638728519047794,1,0,0.357,0.5,0.5,0.699772497734611
35,23,0.0,0,1,0.357,0.5,0.5,0.699772497734611
35,24,0.0,0,1,0.357,0.5,0.5,0.699772497734611
35,25,0.0,0,1,0.357,0.5,0.5,0.699772497734611
35,26,0.0,0,1,0.357,0.5,0.5,0.699772497734611
35,27,0.0,0,1,0.357,0.5,0.5,0.699772497734611
35,28,2.362326206949415,1,0,0.357,0.5,0.5,0.699772497734611
35,29,0.0,0,1,0.357,0.5,0.5,0.699772497734611
35,30,0.0,0,1,0.357,0.5,0.5,0.699772497734611
35,31,0.3779655546661787,1,0,0.357,0.5,0.5,0.699772497734611
35,32,1.7432716710781426,1,0,0.357,0.5,0.5,0.699772497734611
35,33,0.0,0,1,0.357,0.5,0.5,0.699772497734611
35,34,0.0,0,1,0.357,0.5,0.5,0.699772497734611
35,35,0.6117331904768393,1,0,0.357,0.5,0.5,0.699772497734611
35,36,0.5984284368125393,1,0,0.357,0.5,0.5,0.699772497734611
35,37,0.0,0,1,0.357,0.5,0.5,0.699772497734611
35,38,0.0,0,1,0.357,0.5,0.5,0.699772497734611
35,39,0.1014823983404198,1,0,0.357,0.5,0.5,0.699772497734611
35,40,0.0,0,1,0.357,0.5,0.5,0.699772497734611
35,41,0.0,0,1,0.357,0.5,0.5,0.699772497734611
35,42,0.07200940381513282,1,0,0.357,0.5,0.5,0.699772497734611
35,43,0.0,0,1,0.357,0.5,0.5,0.699772497734611
35,44,0.0,0,1,0.357,0.5,0.5,0.699772497734611
35,45,0.0,0,1,0.357,0.5,0.5,0.699772497734611
35,46,0.0,0,1,0.357,0.5,0.5,0.699772497734611
35,47,0.017393487388017922,1,0,0.357,0.5,0.5,0.699772497734611
35,48,0.0,0,1,0.357,0.5,0.5,0.699772497734611
35,49,0.0,0,1,0.357,0.5,0.5,0.699772497734611
36,0,0.0,0,1,0.357,0.5,0.5,0.699772497734611
36,1,0.0,0,1,0.357,0.5,0.5,0.699772497734611
36,2,0.0,0,1,0.357,0.5,0.5,0.699772497734611
36,3,0.0,0,1,0.357,0.5,0.5,0.699772497734611
36,4,0.0,0,1,0.357,0.5,0.5,0.699772497734611
36,5,0.0,0,1,0.357,0.5,0.5,0.699772497734611
36,6,0.0,0,1,0.357,0.5,0.5,0.699772497734611
36,7,0.0,0,1,0.357,0.5,0.5,0.699772497734611
36,8,0.0,0,1,0.357,0.5,0.5,0.699772497734611
36,9,4.241843026918591,1,0,0.357,0.5,0.5,0.699772497734611
36,10,0.0,0,1,0.357,0.5,0.5,0.699772497734611
36,11,0.0,0,1,0.357,0.5,0.5,0.699772497734611
36,12,0.33475748946583156,1,0,0.357,0.5,0.5,0.699772497734611
36,13,0.0,0,1,0.357,0.5,0.5,0.699772497734611
36,14,0.0,0,1,0.357,0.5,0.5,0.699772497734611
36,15,0.0,0,1,0.357,0.5,0.5,0.699772497734611
36,16,3.0130053123111447,1,0,0.357,0.5,0.5,0.699772497734611
36,17,0.0,0,1,0.357,0.5,0.5,0.699772497734611
36,18,0.0,0,1,0.357,0.5,0.5,0.699772497734611
36,19,0.18579064385081157,1,0,0.357,0.5,0.5,0.699772497734611
36,20,0.24716178775141068,1,0,0.357,0.5,0.5,0.699772497734611
36,21,1.095910328154003,1,0,0.357,0.5,0.5,0.699772497734611
36,22,0.07616670030445585,1,0,0.357,0.5,0.5,0.699772497734611
36,23,0.0,0,1,0.357,0.5,0.5,0.699772497734611
36,24,0.0,0,1,0.357,0.5,0.5,0.699772497734611
36,25,0.0,0,1,0.357,0.5,0.5,0.699772497734611
36,26,0.0,0,1,0.357,0.5,0.5,0.699772497734611
36,27,1.5379847038206693,1,0,0.357,0.5,0.5,0.699772497734611
36,28,0.0,0,1,0.357,0.5,0.5,0.699772497734611
36,29,0.0,0,1,0.357,0.5,0.5,0.699772497734611
36,30,0.325570256470464,1,0,0.357,0.5,0.5,0.699772497734611
36,31,0.0,0,1,0.357,0.5,0.5,0.699772497734611
36,32,0.0,0,1,0.357,0.5,0.5,0.699772497734611
36,33,3.928264127175891,2,0,0.357,0.5,0.5,0.699772497734611
36,34,0.0,0,1,0.357,0.5,0.5,0.699772497734611
36,35,0.12661464410914866,1,0,0.357,0.5,0.5,0.699772497734611
36,36,0.33144620311015904,1,0,0.357,0.5,0.5,0.699772497734611
36,37,0.0,0,1,0.357,0.5,0.5,0.699772497734611
36,38,0.06594570886309184,1,0,0.357,0.5,0.5,0.699772497734611
36,39,0.0,0,1,0.357,0.5,0.5,0.699772497734611
36,40,0.8484253565766947,1,0,0.357,0.5,0.5,0.699772497734611
36,41,0.8499765823330396,1,0,0.357,0.5,0.5,0.699772497734611
36,42,0.0,0,1,0.357,0.5,0.5,0.699772497734611
36,43,0.0,0,1,0.357,0.5,0.5,0.699772497734611
36,44,0.0,0,1,0.357,0.5,0.5,0.699772497734611
36,45,0.0,0,1,0.357,0.5,0.5,0.699772497734611
36,46,0.015877171581779707,1,0,0.357,0.5,0.5,0.699772497734611
36,47,0.0037244646526550266,1,0,0.357,0.5,0.5,0.699772497734611
36,48,0.0,0,1,0.357,0.5,0.5,0.699772497734611
36,49,0.0,0,1,0.357,0.5,0.5,0.699772497734611
37,0,0.050778194679581036,1,0,0.357,0.5,0.5,0.699772497734611
37,1,0.0,0,1,0.357,0.5,0.5,0.699772497734611
37,2,0.0,0,1,0.357,0.5,0.5,0.699772497734611
37,3,0.0,0,1,0.357,0.5,0.5,0.699772497734611
37,4,0.0,0,1,0.357,0.5,0.5,0.699772497734611
37,5,0.0,0,1,0.357,0.5,0.5,0.699772497734611
37,6,0.0,0,1,0.357,0.5,0.5,0.699772497734611
37,7,0.0,0,1,0.357,0.5,0.5,0.699772497734611
37,8,0.0,0,1,0.357,0.5,0.5,0.699772497734611
37,9,0.27871134799701197,1,0,0.357,0.5,0.5,0.699772497734611
37,10,0.0,0,1,0.357,0.5,0.5,0.699772497734611
37,11,0.0,0,1,0.357,0.5,0.5,0.699772497734611
37,12,3.0155983915809226,1,0,0.357,0.5,0.5,0.699772497734611
37,13,0.0,0,1,0.357,0.5,0.5,0.699772497734611
37,14,0.0,0,1,0.357,0.5,0.5,0.699772497734611
37,15,0.49399816642537264,1,0,0.357,0.5,0.5,0.699772497734611
37,16,0.0,0,1,0.357,0.5,0.5,0.699772497734611
37,17,1.3633778485824013,1,0,0.357,0.5,0.5,0.699772497734611
37,18,0.0,0,1,0.357,0.5,0.5,0.699772497734611
37,19,0.0,0,1,0.357,0.5,0.5,0.699772497734611
37,20,0.0,0,1,0.357,0.5,0.5,0.699772497734611
37,21,0.0,0,1,0.357,0.5,0.5,0.699772497734611
37,22,0.0,0,1,0.357,0.5,0.5,0.699772497734611
37,23,0.0,0,1,0.357,0.5,0.5,0.699772497734611
37,24,0.1978906594917331,1,0,0.357,0.5,0.5,0.699772497734611
37,25,0.0,0,1,0.357,0.5,0.5,0.699772497734611
37,26,0.0,0,1,0.357,0.5,0.5,0.699772497734611
37,27,0.0,0,1,0.357,0.5,0.5,0.699772497734611
37,28,0.0,0,1,0.357,0.5,0.5,0.699772497734611
37,29,0.0,0,1,0.357,0.5,0.5,0.699772497734611
37,30,0.0,0,1,0.357,0.5,0.5,0.699772497734611
37,31,0.0,0,1,0.357,0.5,0.5,0.699772497734611
37,32,0.7295717140279594,1,0,0.357,0.5,0.5,0.699772497734611
37,33,0.0,0,1,0.357,0.5,0.5,0.699772497734611
37,34,0.0,0,1,0.357,0.5,0.5,0.699772497734611
37,35,7.247499462963912,2,0,0.357,0.5,0.5,0.699772497734611
37,36,0.23111761276606832,1,0,0.357,0.5,0.5,0.699772497734611
37,37,0.37506233147130585,1,0,0.357,0.5,0.5,0.699772497734611
37,38,0.002561151960906381,1,0,0.357,0.5,0.5,0.699772497734611
37,39,0.0,0,1,0.357,0.5,0.5,0.699772497734611
37,40,0.0,0,1,0.357,0.5,0.5,0.699772497734611
37,41,2.871578996980163,1,0,0.357,0.5,0.5,0.699772497734611
37,42,0.0,0,1,0.357,0.5,0.5,0.699772497734611
37,43,0.0,0,1,0.357,0.5,0.5,0.699772497734611
37,44,0.11436676487813117,1,0,0.357,0.5,0.5,0.699772497734611
37,45,0.0,0,1,0.357,0.5,0.5,0.699772497734611
37,46,0.0013894432376161147,1,0,0.357,0.5,0.5,0.699772497734611
37,47,0.0,0,1,0.357,0.5,0.5,0.699772497734611
37,48,0.7424188460020372,1,0,0.357,0.5,0.5,0.699772497734611
37,49,0.04740823949540395,1,0,0.357,0.5,0.5,0.699772497734611
38,0,0.0,0,1,0.357,0.5,0.5,0.699772497734611
38,1,0.0,0,1,0.357,0.5,0.5,0.699772497734611
38,2,0.0,0,1,0.357,0.5,0.5,0.699772497734611
38,3,0.0,0,1,0.357,0.5,0.5,0.699772497734611
38,4,0.0,0,1,0.357,0.5,0.5,0.699772497734611
38,5,0.0032999552003321686,1,0,0.357,0.5,0.5,0.699772497734611
38,6,0.0,0,1,0.357,0.5,0.5,0.699772497734611
38,7,0.0,0,1,0.357,0.5,0.5,0.699772497734611
38,8,10.851765993345241,2,0,0.357,0.5,0.5,0.699772497734611
38,9,0.0,0,1,0.357,0.5,0.5,0.699772497734611
38,10,0.039901915032711205,1,0,0.357,0.5,0.5,0.699772497734611
38,11,0.0,0,1,0.357,0.5,0.5,0.699772497734611
38,12,1.9954891431831574,1,0,0.357,0.5,0.5,0.699772497734611
38,13,0.0,0,1,0.357,0.5,0.5,0.699772497734611
38,14,0.0,0,1,0.357,0.5,0.5,0.699772497734611
38,15,0.001626406330285175,1,0,0.357,0.5,0.5,0.699772497734611
38,16,0.0,0,1,0.357,0.5,0.5,0.699772497734611
38,17,0.0,0,1,0.357,0.5,0.5,0.699772497734611
38,18,0.0,0,1,0.357,0.5,0.5,0.699772497734611
38,19,0.0,0,1,0.357,0.5,0.5,0.699772497734611
38,20,0.0,0,1,0.357,0.5,0.5,0.699772497734611
38,21,1.4068772422927058,1,0,0.357,0.5,0.5,0.699772497734611
38,22,0.0,0,1,0.357,0.5,0.5,0.699772497734611
38,23,1.3256774529058788,1,0,0.357,0.5,0.5,0.699772497734611
38,24,3.38424961850261,1,0,0.357,0.5,0.5,0.699772497734611
38,25,0.0,0,1,0.357,0.5,0.5,0.699772497734611
38,26,0.0,0,1,0.357,0.5,0.5,0.699772497734611
38,27,0.21244692429296633,1,0,0.357,0.5,0.5,0.699772497734611
38,28,0.0,0,1,0.357,0.5,0.5,0.699772497734611
38,29,0.0044823183506612786,1,0,0.357,0.5,0.5,0.699772497734611
38,30,0.0,0,1,0.357,0.5,0.5,0.699772497734611
38,31,0.0,0,1,0.357,0.5,0.5,0.699772497734611
38,32,0.0,0,1,0.357,0.5,0.5,0.699772497734611
38,33,0.0,0,1,0.357,0.5,0.5,0.699772497734611
38,34,0.0,0,1,0.357,0.5,0.5,0.699772497734611
38,35,0.0,0,1,0.357,0.5,0.5,0.699772497734611
38,36,0.0,0,1,0.357,0.5,0.5,0.699772497734611
38,37,1.7337598849455844,1,0,0.357,0.5,0.5,0.699772497734611
38,38,0.0,0,1,0.357,0.5,0.5,0.699772497734611
38,39,0.0,0,1,0.357,0.5,0.5,0.699772497734611
38,40,1.4549434754338857,1,0,0.357,0.5,0.5,0.699772497734611
38,41,0.0,0,1,0.357,0.5,0.5,0.699772497734611
38,42,0.0,0,1,0.357,0.5,0.5,0.699772497734611
38,43,0.009504340972504082,1,0,0.357,0.5,0.5,0.699772497734611
38,44,0.3237099299533905,1,0,0.357,0.5,0.5,0.699772497734611
38,45,0.0,0,1,0.357,0.5,0.5,0.699772497734611
38,46,0.0,0,1,0.357,0.5,0.5,0.699772497734611
38,47,0.0,0,1,0.357,0.5,0.5,0.699772497734611
38,48,0.0,0,1,0.357,0.5,0.5,0.699772497734611
38,49,0.0,0,1,0.357,0.5,0.5,0.699772497734611
39,0,0.0,0,1,0.357,0.5,0.5,0.699772497734611
39,1,0.0,0,1,0.357,0.5,0.5,0.699772497734611
39,2,0.15518617725156789,1,0,0.357,0.5,0.5,0.699772497734611
39,3,0.0,0,1,0.357,0.5,0.5,0.699772497734611
39,4,0.0,0,1,0.357,0.5,0.5,0.699772497734611
39,5,0.0,0,1,0.357,0.5,0.5,0.699772497734611
39,6,0.0,0,1,0.357,0.5,0.5,0.699772497734611
39,7,0.44897832786317776,1,0,0.357,0.5,0.5,0.699772497734611
39,8,0.0,0,1,0.357,0.5,0.5,0.699772497734611
39,9,0.3891668215161669,1,0,0.357,0.5,0.5,0.699772497734611
39,10,0.0,0,1,0.357,0.5,0.5,0.699772497734611
39,11,0.0,0,1,0.357,0.5,0.5,0.699772497734611
39,12,1.647331197623918,2,0,0.357,0.5,0.5,0.699772497734611
39,13,0.0,0,1,0.357,0.5,0.5,0.699772497734611
39,14,3.3486107956843805,1,0,0.357,0.5,0.5,0.699772497734611
39,15,0.002498477358509827,1,0,0.357,0.5,0.5,0.699772497734611
39,16,0.0,0,1,0.357,0.5,0.5,0.699772497734611
39,17,1.6197744635254947,1,0,0.357,0.5,0.5,0.699772497734611
39,18,1.9985750164525449,1,0,0.357,0.5,0.5,0.699772497734611
39,19,3.5445739260858637,1,0,0.357,0.5,0.5,0.699772497734611
39,20,0.0,0,1,0.357,0.5,0.5,0.699772497734611
39,21,0.2833008462307268,1,0,0.357,0.5,0.5,0.699772497734611
39,22,3.503379711597087,2,0,0.357,0.5,0.5,0.699772497734611
39,23,0.0,0,1,0.357,0.5,0.5,0.699772497734611
39,24,0.0,0,1,0.357,0.5,0.5,0.699772497734611
39,25,0.0,0,1,0.357,0.5,0.5,0.699772497734611
39,26,0.0,0,1,0.357,0.5,0.5,0.699772497734611
39,27,0.9961361858594693,1,0,0.357,0.5,0.5,0.699772497734611
39,28,0.0,0,1,0.357,0.5,0.5,0.699772497734611
39,29,0.0,0,1,0.357,0.5,0.5,0.699772497734611
39,30,0.4548500637568306,1,0,0.357,0.5,0.5,0.699772497734611
39,31,0.34413166493164776,1,0,0.357,0.5,0.5,0.699772497734611
39,32,0.01269105805638147,1,0,0.357,0.5,0.5,0.699772497734611
39,33,0.0,0,1,0.357,0.5,0.5,0.699772497734611
39,34,2.1660900159230803,1,0,0.357,0.5,0.5,0.699772497734611
39,35,0.0,0,1,0.357,0.5,0.5,0.699772497734611
39,36,0.005433551903420228,1,0,0.357,0.5,0.5,0.699772497734611
39,37,0.0,0,1,0.357,0.5,0.5,0.699772497734611
39,38,0.0,0,1,0.357,0.5,0.5,0.699772497734611
39,39,0.0,0,1,0.357,0.5,0.5,0.699772497734611
39,40,0.0,0,1,0.357,0.5,0.5,0.699772497734611
39,41,0.0,0,1,0.357,0.5,0.5,0.699772497734611
39,42,0.0,0,1,0.357,0.5,0.5,0.699772497734611
39,43,2.683746072455343,3,0,0.357,0.5,0.5,0.699772497734611
39,44,0.05210204927900535,1,0,0.357,0.5,0.5,0.699772497734611
39,45,0.9189578292045548,1,0,0.357,0.5,0.5,0.699772497734611
39,46,0.0,0,1,0.357,0.5,0.5,0.699772497734611
39,47,0.0,0,1,0.357,0.5,0.5,0.699772497734611
39,48,0.0,0,1,0.357,0.5,0.5,0.699772497734611
39,49,0.0,0,1,0.357,0.5,0.5,0.699772497734611
40,0,0.0017053134446780487,1,0,0.357,0.5,0.5,0.699772497734611
40,1,0.0,0,1,0.357,0.5,0.5,0.699772497734611
40,2,0.0,0,1,0.357,0.5,0.5,0.699772497734611
40,3,0.0,0,1,0.357,0.5,0.5,0.699772497734611
40,4,0.0,0,1,0.357,0.5,0.5,0.699772497734611
40,5,1.0470445944733342,1,0,0.357,0.5,0.5,0.699772497734611
40,6,0.0,0,1,0.357,0.5,0.5,0.699772497734611
40,7,0.0,0,1,0.357,0.5,0.5,0.699772497734611
40,8,0.0,0,1,0.357,0.5,0.5,0.699772497734611
40,9,10.229270974690715,1,0,0.357,0.5,0.5,0.699772497734611
40,10,0.0,0,1,0.357,0.5,0.5,0.699772497734611
40,11,0.0,0,1,0.357,0.5,0.5,0.699772497734611
40,12,0.0,0,1,0.357,0.5,0.5,0.699772497734611
40,13,0.082786059335837,1,0,0.357,0.5,0.5,0.699772497734611
40,14,2.515069449772669,2,0,0.357,0.5,0.5,0.699772497734611
40,15,0.0,0,1,0.357,0.5,0.5,0.699772497734611
40,16,0.0,0,1,0.357,0.5,0.5,0.699772497734611
40,17,0.0,0,1,0.357,0.5,0.5,0.699772497734611
40,18,0.0,0,1,0.357,0.5,0.5,0.699772497734611
40,19,0.0,0,1,0.357,0.5,0.5,0.699772497734611
40,20,0.04586804613813636,1,0,0.357,0.5,0.5,0.699772497734611
40,21,0.04295686315457225,1,0,0.357,0.5,0.5,0.699772497734611
40,22,0.0,0,1,0.357,0.5,0.5,0.699772497734611
40,23,0.7127174723296401,1,0,0.357,0.5,0.5,0.699772497734611
40,24,0.0,0,1,0.357,0.5,0.5,0.699772497734611
40,25,0.0024801873858266753,1,0,0.357,0.5,0.5,0.699772497734611
40,26,0.0,0,1,0.357,0.5,0.5,0.699772497734611
40,27,0.0,0,1,0.357,0.5,0.5,0.699772497734611
40,28,0.0,0,1,0.357,0.5,0.5,0.699772497734611
40,29,0.0,0,1,0.357,0.5,0.5,0.699772497734611
40,30,5.350717316616545,2,0,0.357,0.5,0.5,0.699772497734611
40,31,0.0,0,1,0.357,0.5,0.5,0.699772497734611
40,32,0.0,0,1,0.357,0.5,0.5,0.699772497734611
40,33,0.00018853493877391968,1,0,0.357,0.5,0.5,0.699772497734611
40,34,0.0,0,1,0.357,0.5,0.5,0.699772497734611
40,35,0.28173511620549,2,0,0.357,0.5,0.5,0.699772497734611
40,36,0.0,0,1,0.357,0.5,0.5,0.699772497734611
40,37,0.0,0,1,0.357,0.5,0.5,0.699772497734611
40,38,1.0766587468452238,1,0,0.357,0.5,0.5,0.699772497734611
40,39,0.0,0,1,0.357,0.5,0.5,0.699772497734611
40,40,0.0,0,1,0.357,0.5,0.5,0.699772497734611
40,41,0.0,0,1,0.357,0.5,0.5,0.699772497734611
40,42,0.0,0,1,0.357,0.5,0.5,0.699772497734611
40,43,0.0,0,1,0.357,0.5,0.5,0.699772497734611
40,44,0.0,0,1,0.357,0.5,0.5,0.699772497734611
40,45,0.2814530875825415,1,0,0.357,0.5,0.5,0.699772497734611
40,46,0.0,0,1,0.357,0.5,0.5,0.699772497734611
40,47,0.0,0,1,0.357,0.5,0.5,0.699772497734611
40,48,0.0,0,1,0.357,0.5,0.5,0.699772497734611
40,49,0.0,0,1,0.357,0.5,0.5,0.699772497734611
41,0,0.4242315987868227,1,0,0.357,0.5,0.5,0.699772497734611
41,1,0.0,0,1,0.357,0.5,0.5,0.699772497734611
41,2,0.0815888902512859,1,0,0.357,0.5,0.5,0.699772497734611
41,3,0.0,0,1,0.357,0.5,0.5,0.699772497734611
41,4,3.7483515720482354,1,0,0.357,0.5,0.5,0.699772497734611
41,5,0.5623351095816742,1,0,0.357,0.5,0.5,0.699772497734611
41,6,0.23863846498011113,1,0,0.357,0.5,0.5,0.699772497734611
41,7,0.0,0,1,0.357,0.5,0.5,0.699772497734611
41,8,0.0,0,1,0.357,0.5,0.5,0.699772497734611
41,9,0.2096347078634229,1,0,0.357,0.5,0.5,0.699772497734611
41,10,0.0,0,1,0.357,0.5,0.5,0.699772497734611
41,11,0.0,0,1,0.357,0.5,0.5,0.699772497734611
41,12,0.0,0,1,0.357,0.5,0.5,0.699772497734611
41,13,0.0,0,1,0.357,0.5,0.5,0.699772497734611
41,14,0.342161549105753,1,0,0.357,0.5,0.5,0.699772497734611
41,15,0.19832345745836796,1,0,0.357,0.5,0.5,0.699772497734611
41,16,4.114624853254466,2,0,0.357,0.5,0.5,0.699772497734611
41,17,0.0,0,1,0.357,0.5,0.5,0.699772497734611
41,18,0.0,0,1,0.357,0.5,0.5,0.699772497734611
41,19,0.0,0,1,0.357,0.5,0.5,0.699772497734611
41,20,0.0,0,1,0.357,0.5,0.5,0.699772497734611
41,21,0.0,0,1,0.357,0.5,0.5,0.699772497734611
41,22,0.0,0,1,0.357,0.5,0.5,0.699772497734611
41,23,0.0,0,1,0.357,0.5,0.5,0.699772497734611
41,24,0.0,0,1,0.357,0.5,0.5,0.699772497734611
41,25,0.423996299201872,2,0,0.357,0.5,0.5,0.699772497734611
41,26,0.0,0,1,0.357,0.5,0.5,0.699772497734611
41,27,0.0,0,1,0.357,0.5,0.5,0.699772497734611
41,28,0.0,0,1,0.357,0.5,0.5,0.699772497734611
41,29,0.0,0,1,0.357,0.5,0.5,0.699772497734611
41,30,0.0,0,1,0.357,0.5,0.5,0.699772497734611
41,31,0.0,0,1,0.357,0.5,0.5,0.699772497734611
41,32,0.0,0,1,0.357,0.5,0.5,0.699772497734611
41,33,0.0,0,1,0.357,0.5,0.5,0.699772497734611
41,34,0.0,0,1,0.357,0.5,0.5,0.699772497734611
41,35,0.0,0,1,0.357,0.5,0.5,0.699772497734611
41,36,0.0,0,1,0.357,0.5,0.5,0.699772497734611
41,37,0.0,0,1,0.357,0.5,0.5,0.699772497734611
41,38,0.0,0,1,0.357,0.5,0.5,0.699772497734611
41,39,0.0,0,1,0.357,0.5,0.5,0.699772497734611
41,40,0.0,0,1,0.357,0.5,0.5,0.699772497734611
41,41,0.10370904462608212,1,0,0.357,0.5,0.5,0.699772497734611
41,42,0.0,0,1,0.357,0.5,0.5,0.699772497734611
41,43,0.0,0,1,0.357,0.5,0.5,0.699772497734611
41,44,0.0,0,1,0.357,0.5,0.5,0.699772497734611
41,45,0.0,0,1,0.357,0.5,0.5,0.699772497734611
41,46,0.0,0,1,0.357,0.5,0.5,0.699772497734611
41,47,0.0,0,1,0.357,0.5,0.5,0.699772497734611
41,48,2.911012755977599,1,0,0.357,0.5,0.5,0.699772497734611
41,49,0.0,0,1,0.357,0.5,0.5,0.699772497734611
42,0,0.0,0,1,0.357,0.5,0.5,0.699772497734611
42,1,4.30102851796972,1,0,0.357,0.5,0.5,0.699772497734611
42,2,2.3917551705891182,1,0,0.357,0.5,0.5,0.699772497734611
42,3,0.0010900508083825555,1,0,0.357,0.5,0.5,0.699772497734611
42,4,0.0,0,1,0.357,0.5,0.5,0.699772497734611
42,5,0.0,0,1,0.357,0.5,0.5,0.699772497734611
42,6,0.029549827764621374,1,0,0.357,0.5,0.5,0.699772497734611
42,7,0.0,0,1,0.357,0.5,0.5,0.699772497734611
42,8,0.0,0,1,0.357,0.5,0.5,0.699772497734611
42,9,0.0,0,1,0.357,0.5,0.5,0.699772497734611
42,10,1.6209516820480632,1,0,0.357,0.5,0.5,0.699772497734611
42,11,0.1948870718321023,1,0,0.357,0.5,0.5,0.699772497734611
42,12,7.087830077640028,1,0,0.357,0.5,0.5,0.699772497734611
42,13,0.0,0,1,0.357,0.5,0.5,0.699772497734611
42,14,0.0,0,1,0.357,0.5,0.5,0.699772497734611
42,15,1.7888956942368355,1,0,0.357,0.5,0.5,0.699772497734611
42,16,0.0,0,1,0.357,0.5,0.5,0.699772497734611
42,17,0.0,0,1,0.357,0.5,0.5,0.699772497734611
42,18,0.0,0,1,0.357,0.5,0.5,0.699772497734611
42,19,0.0,0,1,0.357,0.5,0.5,0.699772497734611
42,20,0.3358950470489869,1,0,0.357,0.5,0.5,0.699772497734611
42,21,0.0,0,1,0.357,0.5,0.5,0.699772497734611
42,22,0.0,0,1,0.357,0.5,0.5,0.699772497734611
42,23,0.0,0,1,0.357,0.5,0.5,0.699772497734611
42,24,0.0,0,1,0.357,0.5,0.5,0.699772497734611
42,25,0.0,0,1,0.357,0.5,0.5,0.699772497734611
42,26,0.0,0,1,0.357,0.5,0.5,0.699772497734611
42,27,0.0,0,1,0.357,0.5,0.5,0.699772497734611
42,28,0.0,0,1,0.357,0.5,0.5,0.699772497734611
42,29,0.0,0,1,0.357,0.5,0.5,0.699772497734611
42,30,0.0,0,1,0.357,0.5,0.5,0.699772497734611
42,31,0.0,0,1,0.357,0.5,0.5,0.699772497734611
42,32,0.0,0,1,0.357,0.5,0.5,0.699772497734611
42,33,0.0,0,1,0.357,0.5,0.5,0.699772497734611
42,34,0.0,0,1,0.357,0.5,0.5,0.699772497734611
42,35,0.0,0,1,0.357,0.5,0.5,0.699772497734611
42,36,0.0,0,1,0.357,0.5,0.5,0.699772497734611
42,37,3.291471799552894,1,0,0.357,0.5,0.5,0.699772497734611
42,38,0.0,0,1,0.357,0.5,0.5,0.699772497734611
42,39,0.08709660400857584,2,0,0.357,0.5,0.5,0.699772497734611
42,40,1.1694538372467191,1,0,0.357,0.5,0.5,0.699772497734611
42,41,0.0,0,1,0.357,0.5,0.5,0.699772497734611
42,42,0.0,0,1,0.357,0.5,0.5,0.699772497734611
42,43,0.4023997937843864,1,0,0.357,0.5,0.5,0.699772497734611
42,44,0.0,0,1,0.357,0.5,0.5,0.699772497734611
42,45,0.0,0,1,0.357,0.5,0.5,0.699772497734611
42,46,6.173147686847124,2,0,0.357,0.5,0.5,0.699772497734611
42,47,0.0,0,1,0.357,0.5,0.5,0.699772497734611
42,48,0.0,0,1,0.357,0.5,0.5,0.699772497734611
42,49,0.0,0,1,0.357,0.5,0.5,0.699772497734611
43,0,1.1582877965112328,2,0,0.357,0.5,0.5,0.699772497734611
43,1,0.0,0,1,0.357,0.5,0.5,0.699772497734611
43,2,1.4814399888797503,1,0,0.357,0.5,0.5,0.699772497734611
43,3,0.8682276338693675,1,0,0.357,0.5,0.5,0.699772497734611
43,4,0.0,0,1,0.357,0.5,0.5,0.699772497734611
43,5,0.0,0,1,0.357,0.5,0.5,0.699772497734611
43,6,0.07746694991921958,1,0,0.357,0.5,0.5,0.699772497734611
43,7,0.23800092569574202,1,0,0.357,0.5,0.5,0.699772497734611
43,8,0.0,0,1,0.357,0.5,0.5,0.699772497734611
43,9,0.001520179494120905,1,0,0.357,0.5,0.5,0.699772497734611
43,10,0.0,0,1,0.357,0.5,0.5,0.699772497734611
43,11,0.9067923187631148,1,0,0.357,0.5,0.5,0.699772497734611
43,12,0.0,0,1,0.357,0.5,0.5,0.699772497734611
43,13,0.0,0,1,0.357,0.5,0.5,0.699772497734611
43,14,0.0,0,1,0.357,0.5,0.5,0.699772497734611
43,15,0.0,0,1,0.357,0.5,0.5,0.699772497734611
43,16,4.2810659742368955,1,0,0.357,0.5,0.5,0.699772497734611
43,17,0.0,0,1,0.357,0.5,0.5,0.699772497734611
43,18,0.0,0,1,0.357,0.5,0.5,0.699772497734611
43,19,0.0,0,1,0.357,0.5,0.5,0.699772497734611
43,20,0.0,0,1,0.357,0.5,0.5,0.699772497734611
43,21,0.03386351769841534,1,0,0.357,0.5,0.5,0.699772497734611
43,22,3.470419055324248e-05,1,0,0.357,0.5,0.5,0.699772497734611
43,23,0.0,0,1,0.357,0.5,0.5,0.699772497734611
43,24,0.0,0,1,0.357,0.5,0.5,0.699772497734611
43,25,0.0,0,1,0.357,0.5,0.5,0.699772497734611
43,26,0.0192988117295719,1,0,0.357,0.5,0.5,0.699772497734611
43,27,0.0,0,1,0.357,0.5,0.5,0.699772497734611
43,28,0.0,0,1,0.357,0.5,0.5,0.699772497734611
43,29,0.0007428937820997112,1,0,0.357,0.5,0.5,0.699772497734611
43,30,0.0,0,1,0.357,0.5,0.5,0.699772497734611
43,31,1.4387430585800232,1,0,0.357,0.5,0.5,0.699772497734611
43,32,1.567198976801123,1,0,0.357,0.5,0.5,0.699772497734611
43,33,4.816009894744691,1,0,0.357,0.5,0.5,0.699772497734611
43,34,0.014601264000951937,1,0,0.357,0.5,0.5,0.699772497734611
43,35,0.5635645623757729,1,0,0.357,0.5,0.5,0.699772497734611
43,36,0.0,0,1,0.357,0.5,0.5,0.699772497734611
43,37,0.18744638398945304,2,0,0.357,0.5,0.5,0.699772497734611
43,38,0.0,0,1,0.357,0.5,0.5,0.699772497734611
43,39,0.0,0,1,0.357,0.5,0.5,0.699772497734611
43,40,1.3083178520664756,1,0,0.357,0.5,0.5,0.699772497734611
43,41,0.0,0,1,0.357,0.5,0.5,0.699772497734611
43,42,0.0,0,1,0.357,0.5,0.5,0.699772497734611
43,43,0.0,0,1,0.357,0.5,0.5,0.699772497734611
43,44,0.0,0,1,0.357,0.5,0.5,0.699772497734611
43,45,0.0,0,1,0.357,0.5,0.5,0.699772497734611
43,46,0.0,0,1,0.357,0.5,0.5,0.699772497734611
43,47,0.0,0,1,0.357,0.5,0.5,0.699772497734611
43,48,0.0,0,1,0.357,0.5,0.5,0.699772497734611
43,49,0.0,0,1,0.357,0.5,0.5,0.699772497734611
44,0,0.0,0,1,0.357,0.5,0.5,0.699772497734611
44,1,0.0,0,1,0.357,0.5,0.5,0.699772497734611
44,2,1.0630309827306592,1,0,0.357,0.5,0.5,0.699772497734611
44,3,0.0,0,1,0.357,0.5,0.5,0.699772497734611
44,4,0.0,0,1,0.357,0.5,0.5,0.699772497734611
44,5,1.011437751439731,1,0,0.357,0.5,0.5,0.699772497734611
44,6,0.0,0,1,0.357,0.5,0.5,0.699772497734611
44,7,0.0,0,1,0.357,0.5,0.5,0.699772497734611
44,8,0.0,0,1,0.357,0.5,0.5,0.699772497734611
44,9,0.0,0,1,0.357,0.5,0.5,0.699772497734611
44,10,3.6913269635037436,1,0,0.357,0.5,0.5,0.699772497734611
44,11,0.5015141733361098,1,0,0.357,0.5,0.5,0.699772497734611
44,12,1.602267628387967,1,0,0.357,0.5,0.5,0.699772497734611
44,13,0.14346111443954795,1,0,0.357,0.5,0.5,0.699772497734611
44,14,0.0,0,1,0.357,0.5,0.5,0.699772497734611
44,15,0.0,0,1,0.357,0.5,0.5,0.699772497734611
44,16,0.0,0,1,0.357,0.5,0.5,0.699772497734611
44,17,0.0,0,1,0.357,0.5,0.5,0.699772497734611
44,18,0.0,0,1,0.357,0.5,0.5,0.699772497734611
44,19,0.0,0,1,0.357,0.5,0.5,0.699772497734611
44,20,0.0,0,1,0.357,0.5,0.5,0.699772497734611
44,21,0.0,0,1,0.357,0.5,0.5,0.699772497734611
44,22,1.823903143519614,2,0,0.357,0.5,0.5,0.699772497734611
44,23,0.0,0,1,0.357,0.5,0.5,0.699772497734611
44,24,0.0,0,1,0.357,0.5,0.5,0.699772497734611
44,25,0.0,0,1,0.357,0.5,0.5,0.699772497734611
44,26,0.07648893874391054,1,0,0.357,0.5,0.5,0.699772497734611
44,27,0.0,0,1,0.357,0.5,0.5,0.699772497734611
44,28,0.0,0,1,0.357,0.5,0.5,0.699772497734611
44,29,0.5287222703150116,1,0,0.357,0.5,0.5,0.699772497734611
44,30,0.14384989902364645,2,0,0.357,0.5,0.5,0.699772497734611
44,31,0.43474466526744937,1,0,0.357,0.5,0.5,0.699772497734611
44,32,0.0,0,1,0.357,0.5,0.5,0.699772497734611
44,33,0.0,0,1,0.357,0.5,0.5,0.699772497734611
44,34,0.0,0,1,0.357,0.5,0.5,0.699772497734611
44,35,2.302705085487495,2,0,0.357,0.5,0.5,0.699772497734611
44,36,0.0,0,1,0.357,0.5,0.5,0.699772497734611
44,37,0.0,0,1,0.357,0.5,0.5,0.699772497734611
44,38,0.0,0,1,0.357,0.5,0.5,0.699772497734611
44,39,0.0,0,1,0.357,0.5,0.5,0.699772497734611
44,40,0.0,0,1,0.357,0.5,0.5,0.699772497734611
44,41,0.5408099602313062,1,0,0.357,0.5,0.5,0.699772497734611
44,42,0.0,0,1,0.357,0.5,0.5,0.699772497734611
44,43,0.0,0,1,0.357,0.5,0.5,0.699772497734611
44,44,0.6539267993784544,2,0,0.357,0.5,0.5,0.699772497734611
44,45,3.3835208144422273,1,0,0.357,0.5,0.5,0.699772497734611
44,46,1.8880107486698103,1,0,0.357,0.5,0.5,0.699772497734611
44,47,0.0,0,1,0.357,0.5,0.5,0.699772497734611
44,48,0.0,0,1,0.357,0.5,0.5,0.699772497734611
44,49,0.0,0,1,0.357,0.5,0.5,0.699772497734611
45,0,0.0,0,1,0.357,0.5,0.5,0.699772497734611
45,1,2.2317045632407226,1,0,0.357,0.5,0.5,0.699772497734611
45,2,0.0,0,1,0.357,0.5,0.5,0.699772497734611
45,3,0.0,0,1,0.357,0.5,0.5,0.699772497734611
45,4,0.0427999947546763,1,0,0.357,0.5,0.5,0.699772497734611
45,5,0.0,0,1,0.357,0.5,0.5,0.699772497734611
45,6,0.0,0,1,0.357,0.5,0.5,0.699772497734611
45,7,0.0,0,1,0.357,0.5,0.5,0.699772497734611
45,8,0.0,0,1,0.357,0.5,0.5,0.699772497734611
45,9,0.0,0,1,0.357,0.5,0.5,0.699772497734611
45,10,0.5680409154065529,1,0,0.357,0.5,0.5,0.699772497734611
45,11,0.0,0,1,0.357,0.5,0.5,0.699772497734611
45,12,0.0,0,1,0.357,0.5,0.5,0.699772497734611
45,13,0.0,0,1,0.357,0.5,0.5,0.699772497734611
45,14,0.0,0,1,0.357,0.5,0.5,0.699772497734611
45,15,0.0,0,1,0.357,0.5,0.5,0.699772497734611
45,16,0.5384208218501793,1,0,0.357,0.5,0.5,0.699772497734611
45,17,0.0,0,1,0.357,0.5,0.5,0.699772497734611
45,18,0.0,0,1,0.357,0.5,0.5,0.699772497734611
45,19,0.0,0,1,0.357,0.5,0.5,0.699772497734611
45,20,0.0,0,1,0.357,0.5,0.5,0.699772497734611
45,21,0.0,0,1,0.357,0.5,0.5,0.699772497734611
45,22,0.0,0,1,0.357,0.5,0.5,0.699772497734611
45,23,0.016135290507010926,1,0,0.357,0.5,0.5,0.699772497734611
45,24,0.0,0,1,0.357,0.5,0.5,0.699772497734611
45,25,0.0,0,1,0.357,0.5,0.5,0.699772497734611
45,26,0.052196796721289955,1,0,0.357,0.5,0.5,0.699772497734611
45,27,0.0,0,1,0.357,0.5,0.5,0.699772497734611
45,28,0.0,0,1,0.357,0.5,0.5,0.699772497734611
45,29,0.06075543233760939,1,0,0.357,0.5,0.5,0.699772497734611
45,30,0.0,0,1,0.357,0.5,0.5,0.699772497734611
45,31,0.0,0,1,0.357,0.5,0.5,0.699772497734611
45,32,0.0,0,1,0.357,0.5,0.5,0.699772497734611
45,33,0.0,0,1,0.357,0.5,0.5,0.699772497734611
45,34,2.67857242685668,1,0,0.357,0.5,0.5,0.699772497734611
45,35,0.0,0,1,0.357,0.5,0.5,0.699772497734611
45,36,0.0,0,1,0.357,0.5,0.5,0.699772497734611
45,37,0.0,0,1,0.357,0.5,0.5,0.699772497734611
45,38,0.0,0,1,0.357,0.5,0.5,0.699772497734611
45,39,0.0,0,1,0.357,0.5,0.5,0.699772497734611
45,40,0.0001511492170267529,1,0,0.357,0.5,0.5,0.699772497734611
45,41,0.7319964654511415,1,0,0.357,0.5,0.5,0.699772497734611
45,42,0.0,0,1,0.357,0.5,0.5,0.699772497734611
45,43,0.0,0,1,0.357,0.5,0.5,0.699772497734611
45,44,0.0,0,1,0.357,0.5,0.5,0.699772497734611
45,45,0.0,0,1,0.357,0.5,0.5,0.699772497734611
45,46,0.6227957283610472,1,0,0.357,0.5,0.5,0.699772497734611
45,47,0.08196037150737506,1,0,0.357,0.5,0.5,0.699772497734611
45,48,0.3454185882459515,1,0,0.357,0.5,0.5,0.699772497734611
45,49,0.0,0,1,0.357,0.5,0.5,0.699772497734611
46,0,0.0,0,1,0.357,0.5,0.5,0.699772497734611
46,1,0.0,0,1,0.357,0.5,0.5,0.699772497734611
46,2,0.0,0,1,0.357,0.5,0.5,0.699772497734611
46,3,0.0,0,1,0.357,0.5,0.5,0.699772497734611
46,4,0.0,0,1,0.357,0.5,0.5,0.699772497734611
46,5,0.0,0,1,0.357,0.5,0.5,0.699772497734611
46,6,1.4314648364170859,1,0,0.357,0.5,0.5,0.699772497734611
46,7,0.0,0,1,0.357,0.5,0.5,0.699772497734611
46,8,0.0,0,1,0.357,0.5,0.5,0.699772497734611
46,9,0.0,0,1,0.357,0.5,0.5,0.699772497734611
46,10,0.0,0,1,0.357,0.5,0.5,0.699772497734611
46,11,0.0,0,1,0.357,0.5,0.5,0.699772497734611
46,12,0.0,0,1,0.357,0.5,0.5,0.699772497734611
46,13,1.7804628185328093,1,0,0.357,0.5,0.5,0.699772497734611
46,14,0.0,0,1,0.357,0.5,0.5,0.699772497734611
46,15,0.0,0,1,0.357,0.5,0.5,0.699772497734611
46,16,0.0,0,1,0.357,0.5,0.5,0.699772497734611
46,17,0.0,0,1,0.357,0.5,0.5,0.699772497734611
46,18,0.03948346995324164,1,0,0.357,0.5,0.5,0.699772497734611
46,19,0.0,0,1,0.357,0.5,0.5,0.699772497734611
46,20,0.0,0,1,0.357,0.5,0.5,0.699772497734611
46,21,0.0,0,1,0.357,0.5,0.5,0.699772497734611
46,22,0.0,0,1,0.357,0.5,0.5,0.699772497734611
46,23,0.0,0,1,0.357,0.5,0.5,0.699772497734611
46,24,0.0,0,1,0.357,0.5,0.5,0.699772497734611
46,25,0.017832778743831504,1,0,0.357,0.5,0.5,0.699772497734611
46,26,1.5588413311273353,3,0,0.357,0.5,0.5,0.699772497734611
46,27,0.32989396642858554,1,0,0.357,0.5,0.5,0.699772497734611
46,28,0.0,0,1,0.357,0.5,0.5,0.699772497734611
46,29,0.0,0,1,0.357,0.5,0.5,0.699772497734611
46,30,0.0,0,1,0.357,0.5,0.5,0.699772497734611
46,31,0.0357494490690355,1,0,0.357,0.5,0.5,0.699772497734611
46,32,1.0156475315457254,1,0,0.357,0.5,0.5,0.699772497734611
46,33,0.0,0,1,0.357,0.5,0.5,0.699772497734611
46,34,0.0,0,1,0.357,0.5,0.5,0.699772497734611
46,35,0.5028708123817841,1,0,0.357,0.5,0.5,0.699772497734611
46,36,0.3732113885549809,1,0,0.357,0.5,0.5,0.699772497734611
46,37,1.8518487408763422,1,0,0.357,0.5,0.5,0.699772497734611
46,38,0.0,0,1,0.357,0.5,0.5,0.699772497734611
46,39,0.0,0,1,0.357,0.5,0.5,0.699772497734611
46,40,0.09955677678911935,2,0,0.357,0.5,0.5,0.699772497734611
46,41,0.0,0,1,0.357,0.5,0.5,0.699772497734611
46,42,0.0,0,1,0.357,0.5,0.5,0.699772497734611
46,43,0.0,0,1,0.357,0.5,0.5,0.699772497734611
46,44,0.0,0,1,0.357,0.5,0.5,0.699772497734611
46,45,0.0,0,1,0.357,0.5,0.5,0.699772497734611
46,46,0.0,0,1,0.357,0.5,0.5,0.699772497734611
46,47,0.0,0,1,0.357,0.5,0.5,0.699772497734611
46,48,0.02514606970888707,1,0,0.357,0.5,0.5,0.699772497734611
46,49,0.0,0,1,0.357,0.5,0.5,0.699772497734611
47,0,0.0,0,1,0.357,0.5,0.5,0.699772497734611
47,1,0.0,0,1,0.357,0.5,0.5,0.699772497734611
47,2,0.0,0,1,0.357,0.5,0.5,0.699772497734611
47,3,3.2186742860985516,1,0,0.357,0.5,0.5,0.699772497734611
47,4,0.0,0,1,0.357,0.5,0.5,0.699772497734611
47,5,0.2393641013639399,1,0,0.357,0.5,0.5,0.699772497734611
47,6,0.24219542834627544,1,0,0.357,0.5,0.5,0.699772497734611
47,7,0.08157005263051904,1,0,0.357,0.5,0.5,0.699772497734611
47,8,0.0,0,1,0.357,0.5,0.5,0.699772497734611
47,9,0.005218131954320319,1,0,0.357,0.5,0.5,0.699772497734611
47,10,0.0,0,1,0.357,0.5,0.5,0.699772497734611
47,11,0.0,0,1,0.357,0.5,0.5,0.699772497734611
47,12,0.0,0,1,0.357,0.5,0.5,0.699772497734611
47,13,0.000641003126717463,1,0,0.357,0.5,0.5,0.699772497734611
47,14,0.0,0,1,0.357,0.5,0.5,0.699772497734611
47,15,0.0,0,1,0.357,0.5,0.5,0.699772497734611
47,16,0.8666897483503747,1,0,0.357,0.5,0.5,0.699772497734611
47,17,0.0,0,1,0.357,0.5,0.5,0.699772497734611
47,18,0.0,0,1,0.357,0.5,0.5,0.699772497734611
47,19,0.0,0,1,0.357,0.5,0.5,0.699772497734611
47,20,0.0,0,1,0.357,0.5,0.5,0.699772497734611
47,21,0.0,0,1,0.357,0.5,0.5,0.699772497734611
47,22,0.0,0,1,0.357,0.5,0.5,0.699772497734611
47,23,0.0,0,1,0.357,0.5,0.5,0.699772497734611
47,24,0.2099052258063429,1,0,0.357,0.5,0.5,0.699772497734611
47,25,5.486487607722776,1,0,0.357,0.5,0.5,0.699772497734611
47,26,0.0,0,1,0.357,0.5,0.5,0.699772497734611
47,27,0.0,0,1,0.357,0.5,0.5,0.699772497734611
47,28,0.0,0,1,0.357,0.5,0.5,0.699772497734611
47,29,0.0,0,1,0.357,0.5,0.5,0.699772497734611
47,30,4.040637038716492,1,0,0.357,0.5,0.5,0.699772497734611
47,31,0.0,0,1,0.357,0.5,0.5,0.699772497734611
47,32,0.0,0,1,0.357,0.5,0.5,0.699772497734611
47,33,0.0,0,1,0.357,0.5,0.5,0.699772497734611
47,34,0.0,0,1,0.357,0.5,0.5,0.699772497734611
47,35,0.0,0,1,0.357,0.5,0.5,0.699772497734611
47,36,0.0,0,1,0.357,0.5,0.5,0.699772497734611
47,37,0.05107330248459602,1,0,0.357,0.5,0.5,0.699772497734611
47,38,0.0,0,1,0.357,0.5,0.5,0.699772497734611
47,39,0.0,0,1,0.357,0.5,0.5,0.699772497734611
47,40,0.06301859930350767,1,0,0.357,0.5,0.5,0.699772497734611
47,41,0.04250339162005208,1,0,0.357,0.5,0.5,0.699772497734611
47,42,0.0,0,1,0.357,0.5,0.5,0.699772497734611
47,43,0.0,0,1,0.357,0.5,0.5,0.699772497734611
47,44,0.5040388488103875,2,0,0.357,0.5,0.5,0.699772497734611
47,45,0.0,0,1,0.357,0.5,0.5,0.699772497734611
47,46,0.0,0,1,0.357,0.5,0.5,0.699772497734611
47,47,0.0,0,1,0.357,0.5,0.5,0.699772497734611
47,48,0.0,0,1,0.357,0.5,0.5,0.699772497734611
47,49,0.0,0,1,0.357,0.5,0.5,0.699772497734611
48,0,0.0,0,1,0.357,0.5,0.5,0.699772497734611
48,1,0.0,0,1,0.357,0.5,0.5,0.699772497734611
48,2,0.0,0,1,0.357,0.5,0.5,0.699772497734611
48,3,0.0,0,1,0.357,0.5,0.5,0.699772497734611
48,4,0.0,0,1,0.357,0.5,0.5,0.699772497734611
48,5,0.0,0,1,0.357,0.5,0.5,0.699772497734611
48,6,7.925526859086467,1,0,0.357,0.5,0.5,0.699772497734611
48,7,0.0,0,1,0.357,0.5,0.5,0.699772497734611
48,8,0.006556409836456137,1,0,0.357,0.5,0.5,0.699772497734611
48,9,0.0,0,1,0.357,0.5,0.5,0.699772497734611
48,10,0.39359984494986794,2,0,0.357,0.5,0.5,0.699772497734611
48,11,0.0,0,1,0.357,0.5,0.5,0.699772497734611
48,12,0.49397999020417993,1,0,0.357,0.5,0.5,0.699772497734611
48,13,0.0,0,1,0.357,0.5,0.5,0.699772497734611
48,14,0.0,0,1,0.357,0.5,0.5,0.699772497734611
48,15,0.0,0,1,0.357,0.5,0.5,0.699772497734611
48,16,0.023933762753177247,1,0,0.357,0.5,0.5,0.699772497734611
48,17,0.9337584479706964,2,0,0.357,0.5,0.5,0.699772497734611
48,18,0.0,0,1,0.357,0.5,0.5,0.699772497734611
48,19,0.024083395766993424,1,0,0.357,0.5,0.5,0.699772497734611
48,20,0.0,0,1,0.357,0.5,0.5,0.699772497734611
48,21,0.0,0,1,0.357,0.5,0.5,0.699772497734611
48,22,0.0,0,1,0.357,0.5,0.5,0.699772497734611
48,23,0.12031061254131882,1,0,0.357,0.5,0.5,0.699772497734611
48,24,0.0,0,1,0.357,0.5,0.5,0.699772497734611
48,25,0.0,0,1,0.357,0.5,0.5,0.699772497734611
48,26,0.0,0,1,0.357,0.5,0.5,0.699772497734611
48,27,1.8651027175979524,2,0,0.357,0.5,0.5,0.699772497734611
48,28,0.04637233431988326,1,0,0.357,0.5,0.5,0.699772497734611
48,29,0.0,0,1,0.357,0.5,0.5,0.699772497734611
48,30,0.0,0,1,0.357,0.5,0.5,0.699772497734611
48,31,0.574235518242359,1,0,0.357,0.5,0.5,0.699772497734611
48,32,0.020341985910132743,1,0,0.357,0.5,0.5,0.699772497734611
48,33,0.0,0,1,0.357,0.5,0.5,0.699772497734611
48,34,0.0,0,1,0.357,0.5,0.5,0.699772497734611
48,35,0.9420619014661012,1,0,0.357,0.5,0.5,0.699772497734611
48,36,0.0,0,1,0.357,0.5,0.5,0.699772497734611
48,37,1.88712609435729,1,0,0.357,0.5,0.5,0.699772497734611
48,38,0.0,0,1,0.357,0.5,0.5,0.699772497734611
48,39,0.9536743958978078,1,0,0.357,0.5,0.5,0.699772497734611
48,40,0.0028790446800104454,1,0,0.357,0.5,0.5,0.699772497734611
48,41,0.0,0,1,0.357,0.5,0.5,0.699772497734611
48,42,0.0,0,1,0.357,0.5,0.5,0.699772497734611
48,43,0.02295221419909781,1,0,0.357,0.5,0.5,0.699772497734611
48,44,0.0,0,1,0.357,0.5,0.5,0.699772497734611
48,45,0.09025441535359341,1,0,0.357,0.5,0.5,0.699772497734611
48,46,0.0,0,1,0.357,0.5,0.5,0.699772497734611
48,47,0.0,0,1,0.357,0.5,0.5,0.699772497734611
48,48,0.0,0,1,0.357,0.5,0.5,0.699772497734611
48,49,0.0,0,1,0.357,0.5,0.5,0.699772497734611
49,0,0.0,0,1,0.357,0.5,0.5,0.699772497734611
49,1,0.0,0,1,0.357,0.5,0.5,0.699772497734611
49,2,0.0,0,1,0.357,0.5,0.5,0.699772497734611
49,3,0.0,0,1,0.357,0.5,0.5,0.699772497734611
49,4,0.0,0,1,0.357,0.5,0.5,0.699772497734611
49,5,0.40523849502754694,1,0,0.357,0.5,0.5,0.699772497734611
49,6,0.0,0,1,0.357,0.5,0.5,0.699772497734611
49,7,0.43091277301402925,1,0,0.357,0.5,0.5,0.699772497734611
49,8,0.0014070546574255817,1,0,0.357,0.5,0.5,0.699772497734611
49,9,0.0,0,1,0.357,0.5,0.5,0.699772497734611
49,10,0.0,0,1,0.357,0.5,0.5,0.699772497734611
49,11,0.0,0,1,0.357,0.5,0.5,0.699772497734611
49,12,0.0029515888114017247,1,0,0.357,0.5,0.5,0.699772497734611
49,13,0.04795471605299006,1,0,0.357,0.5,0.5,0.699772497734611
49,14,2.1923304379253357,2,0,0.357,0.5,0.5,0.699772497734611
49,15,9.22713086670265,1,0,0.357,0.5,0.5,0.699772497734611
49,16,0.021822193069939114,1,0,0.357,0.5,0.5,0.699772497734611
49,17,0.08634179462880698,1,0,0.357,0.5,0.5,0.699772497734611
49,18,0.0,0,1,0.357,0.5,0.5,0.699772497734611
49,19,0.3963757366695043,1,0,0.357,0.5,0.5,0.699772497734611
49,20,0.3383767410423543,1,0,0.357,0.5,0.5,0.699772497734611
49,21,0.0,0,1,0.357,0.5,0.5,0.699772497734611
49,22,0.0,0,1,0.357,0.5,0.5,0.699772497734611
49,23,5.160121584097905,1,0,0.357,0.5,0.5,0.699772497734611
49,24,0.0,0,1,0.357,0.5,0.5,0.699772497734611
49,25,0.2117005777003316,1,0,0.357,0.5,0.5,0.699772497734611
49,26,1.7210861345044963,1,0,0.357,0.5,0.5,0.699772497734611
49,27,0.0,0,1,0.357,0.5,0.5,0.699772497734611
49,28,0.6183669560403886,1,0,0.357,0.5,0.5,0.699772497734611
49,29,0.0,0,1,0.357,0.5,0.5,0.699772497734611
49,30,0.0,0,1,0.357,0.5,0.5,0.699772497734611
49,31,6.271738794576687,2,0,0.357,0.5,0.5,0.699772497734611
49,32,0.7535592813904387,3,0,0.357,0.5,0.5,0.699772497734611
49,33,0.0,0,1,0.357,0.5,0.5,0.699772497734611
49,34,0.0,0,1,0.357,0.5,0.5,0.699772497734611
49,35,0.0,0,1,0.357,0.5,0.5,0.699772497734611
49,36,0.47648454998042367,1,0,0.357,0.5,0.5,0.699772497734611
49,37,0.0,0,1,0.357,0.5,0.5,0.699772497734611
49,38,0.0,0,1,0.357,0.5,0.5,0.699772497734611
49,39,0.0,0,1,0.357,0.5,0.5,0.699772497734611
49,40,0.0,0,1,0.357,0.5,0.5,0.699772497734611
49,41,0.0,0,1,0.357,0.5,0.5,0.699772497734611
49,42,0.0,0,1,0.357,0.5,0.5,0.699772497734611
49,43,0.011621972167033543,1,0,0.357,0.5,0.5,0.699772497734611
49,44,0.0,0,1,0.357,0.5,0.5,0.699772497734611
49,45,0.0,0,1,0.357,0.5,0.5,0.699772497734611
49,46,0.0,0,1,0.357,0.5,0.5,0.699772497734611
49,47,0.0,0,1,0.357,0.5,0.5,0.699772497734611
49,48,0.5331674154428658,1,0,0.357,0.5,0.5,0.699772497734611
49,49,1.4113969032121727,1,0,0.357,0.5,0.5,0.699772497734611
50,0,0.0,0,1,0.357,0.5,0.5,0.699772497734611
50,1,0.0,0,1,0.357,0.5,0.5,0.699772497734611
50,2,0.0,0,1,0.357,0.5,0.5,0.699772497734611
50,3,0.0,0,1,0.357,0.5,0.5,0.699772497734611
50,4,0.0,0,1,0.357,0.5,0.5,0.699772497734611
50,5,0.0,0,1,0.357,0.5,0.5,0.699772497734611
50,6,3.3029718458813107,2,0,0.357,0.5,0.5,0.699772497734611
50,7,0.0,0,1,0.357,0.5,0.5,0.699772497734611
50,8,1.1635366231322466,1,0,0.357,0.5,0.5,0.699772497734611
50,9,0.0,0,1,0.357,0.5,0.5,0.699772497734611
50,10,2.6043757594299457,1,0,0.357,0.5,0.5,0.699772497734611
50,11,0.0,0,1,0.357,0.5,0.5,0.699772497734611
50,12,0.0,0,1,0.357,0.5,0.5,0.699772497734611
50,13,0.08411929785948423,1,0,0.357,0.5,0.5,0.699772497734611
50,14,0.0,0,1,0.357,0.5,0.5,0.699772497734611
50,15,0.0,0,1,0.357,0.5,0.5,0.699772497734611
50,16,0.0,0,1,0.357,0.5,0.5,0.699772497734611
50,17,1.2767495130907394,2,0,0.357,0.5,0.5,0.699772497734611
50,18,0.4905408940915949,1,0,0.357,0.5,0.5,0.699772497734611
50,19,0.0,0,1,0.357,0.5,0.5,0.699772497734611
50,20,0.47886794324383714,2,0,0.357,0.5,0.5,0.699772497734611
50,21,0.0,0,1,0.357,0.5,0.5,0.699772497734611
50,22,0.0,0,1,0.357,0.5,0.5,0.699772497734611
50,23,1.1052441674665876,2,0,0.357,0.5,0.5,0.699772497734611
50,24,2.0852293484320423,1,0,0.357,0.5,0.5,0.699772497734611
50,25,0.013480013746200765,1,0,0.357,0.5,0.5,0.699772497734611
50,26,0.0,0,1,0.357,0.5,0.5,0.699772497734611
50,27,0.0,0,1,0.357,0.5,0.5,0.699772497734611
50,28,1.9151483492127588,1,0,0.357,0.5,0.5,0.699772497734611
50,29,0.13891732834461856,1,0,0.357,0.5,0.5,0.699772497734611
50,30,3.5627247343619275,1,0,0.357,0.5,0.5,0.699772497734611
50,31,0.0,0,1,0.357,0.5,0.5,0.699772497734611
50,32,0.0,0,1,0.357,0.5,0.5,0.699772497734611
50,33,0.0,0,1,0.357,0.5,0.5,0.699772497734611
50,34,0.0,0,1,0.357,0.5,0.5,0.699772497734611
50,35,0.0,0,1,0.357,0.5,0.5,0.699772497734611
50,36,0.0,0,1,0.357,0.5,0.5,0.699772497734611
50,37,0.4458584571893969,1,0,0.357,0.5,0.5,0.699772497734611
50,38,0.012202034869820336,1,0,0.357,0.5,0.5,0.699772497734611
50,39,0.0,0,1,0.357,0.5,0.5,0.699772497734611
50,40,0.0,0,1,0.357,0.5,0.5,0.699772497734611
50,41,0.0,0,1,0.357,0.5,0.5,0.699772497734611
50,42,0.0,0,1,0.357,0.5,0.5,0.699772497734611
50,43,0.0,0,1,0.357,0.5,0.5,0.699772497734611
50,44,0.0,0,1,0.357,0.5,0.5,0.699772497734611
50,45,3.006764732388334,1,0,0.357,0.5,0.5,0.699772497734611
50,46,1.1125417979061039,1,0,0.357,0.5,0.5,0.699772497734611
50,47,0.0,0,1,0.357,0.5,0.5,0.699772497734611
50,48,0.0,0,1,0.357,0.5,0.5,0.699772497734611
50,49,4.991633316316277,1,0,0.357,0.5,0.5,0.699772497734611
51,0,0.0,0,1,0.357,0.5,0.5,0.699772497734611
51,1,0.0,0,1,0.357,0.5,0.5,0.699772497734611
51,2,0.0,0,1,0.357,0.5,0.5,0.699772497734611
51,3,0.0,0,1,0.357,0.5,0.5,0.699772497734611
51,4,0.0,0,1,0.357,0.5,0.5,0.699772497734611
51,5,2.014630244458445,1,0,0.357,0.5,0.5,0.699772497734611
51,6,0.0,0,1,0.357,0.5,0.5,0.699772497734611
51,7,0.7634420052530592,1,0,0.357,0.5,0.5,0.699772497734611
51,8,1.8247516619169233,1,0,0.357,0.5,0.5,0.699772497734611
51,9,0.0,0,1,0.357,0.5,0.5,0.699772497734611
51,10,0.0,0,1,0.357,0.5,0.5,0.699772497734611
51,11,2.3497167953877263,1,0,0.357,0.5,0.5,0.699772497734611
51,12,0.07951763370215736,1,0,0.357,0.5,0.5,0.699772497734611
51,13,0.0,0,1,0.357,0.5,0.5,0.699772497734611
51,14,0.0,0,1,0.357,0.5,0.5,0.699772497734611
51,15,3.064814899742766,2,0,0.357,0.5,0.5,0.699772497734611
51,16,0.9815073513862964,1,0,0.357,0.5,0.5,0.699772497734611
51,17,0.024745121893956258,1,0,0.357,0.5,0.5,0.699772497734611
51,18,0.0,0,1,0.357,0.5,0.5,0.699772497734611
51,19,0.0,0,1,0.357,0.5,0.5,0.699772497734611
51,20,2.35251823058316,1,0,0.357,0.5,0.5,0.699772497734611
51,21,0.0,0,1,0.357,0.5,0.5,0.699772497734611
51,22,0.0,0,1,0.357,0.5,0.5,0.699772497734611
51,23,0.0,0,1,0.357,0.5,0.5,0.699772497734611
51,24,0.0,0,1,0.357,0.5,0.5,0.699772497734611
51,25,0.5194805572113618,2,0,0.357,0.5,0.5,0.699772497734611
51,26,1.3549455434457836,1,0,0.357,0.5,0.5,0.699772497734611
51,27,0.0,0,1,0.357,0.5,0.5,0.699772497734611
51,28,0.0,0,1,0.357,0.5,0.5,0.699772497734611
51,29,0.0,0,1,0.357,0.5,0.5,0.699772497734611
51,30,0.0,0,1,0.357,0.5,0.5,0.699772497734611
51,31,0.0,0,1,0.357,0.5,0.5,0.699772497734611
51,32,0.0,0,1,0.357,0.5,0.5,0.699772497734611
51,33,0.0,0,1,0.357,0.5,0.5,0.699772497734611
51,34,0.0,0,1,0.357,0.5,0.5,0.699772497734611
51,35,0.0,0,1,0.357,0.5,0.5,0.699772497734611
51,36,2.4599480956994086,1,0,0.357,0.5,0.5,0.699772497734611
51,37,0.19205148101410738,1,0,0.357,0.5,0.5,0.699772497734611
51,38,0.0,0,1,0.357,0.5,0.5,0.699772497734611
51,39,0.8908246176631808,1,0,0.357,0.5,0.5,0.699772497734611
51,40,0.0,0,1,0.357,0.5,0.5,0.699772497734611
51,41,0.26210173153166816,3,0,0.357,0.5,0.5,0.699772497734611
51,42,0.0,0,1,0.357,0.5,0.5,0.699772497734611
51,43,0.0,0,1,0.357,0.5,0.5,0.699772497734611
51,44,0.0,0,1,0.357,0.5,0.5,0.699772497734611
51,45,0.0,0,1,0.357,0.5,0.5,0.699772497734611
51,46,0.037823766322632624,1,0,0.357,0.5,0.5,0.699772497734611
51,47,0.0,0,1,0.357,0.5,0.5,0.699772497734611
51,48,0.0,0,1,0.357,0.5,0.5,0.699772497734611
51,49,0.0,0,1,0.357,0.5,0.5,0.699772497734611
52,0,0.03829096987506303,1,0,0.357,0.5,0.5,0.699772497734611
52,1,0.0,0,1,0.357,0.5,0.5,0.699772497734611
52,2,0.0,0,1,0.357,0.5,0.5,0.699772497734611
52,3,0.139624488739495,1,0,0.357,0.5,0.5,0.699772497734611
52,4,0.0,0,1,0.357,0.5,0.5,0.699772497734611
52,5,3.919699780018031,3,0,0.357,0.5,0.5,0.699772497734611
52,6,0.0,0,1,0.357,0.5,0.5,0.699772497734611
52,7,0.0,0,1,0.357,0.5,0.5,0.699772497734611
52,8,0.5816432454062558,1,0,0.357,0.5,0.5,0.699772497734611
52,9,0.0,0,1,0.357,0.5,0.5,0.699772497734611
52,10,0.0,0,1,0.357,0.5,0.5,0.699772497734611
52,11,1.2336740754371691,1,0,0.357,0.5,0.5,0.699772497734611
52,12,0.0,0,1,0.357,0.5,0.5,0.699772497734611
52,13,0.0,0,1,0.357,0.5,0.5,0.699772497734611
52,14,0.0,0,1,0.357,0.5,0.5,0.699772497734611
52,15,0.27951345115340537,2,0,0.357,0.5,0.5,0.699772497734611
52,16,0.0,0,1,0.357,0.5,0.5,0.699772497734611
52,17,0.017131963895049437,1,0,0.357,0.5,0.5,0.699772497734611
52,18,0.0,0,1,0.357,0.5,0.5,0.699772497734611
52,19,0.0,0,1,0.357,0.5,0.5,0.699772497734611
52,20,0.0,0,1,0.357,0.5,0.5,0.699772497734611
52,21,0.0,0,1,0.357,0.5,0.5,0.699772497734611
52,22,0.0,0,1,0.357,0.5,0.5,0.699772497734611
52,23,0.0,0,1,0.357,0.5,0.5,0.699772497734611
52,24,0.0,0,1,0.357,0.5,0.5,0.699772497734611
52,25,0.0,0,1,0.357,0.5,0.5,0.699772497734611
52,26,0.0,0,1,0.357,0.5,0.5,0.699772497734611
52,27,0.3573864682526987,1,0,0.357,0.5,0.5,0.699772497734611
52,28,0.046967724178100245,1,0,0.357,0.5,0.5,0.699772497734611
52,29,0.0,0,1,0.357,0.5,0.5,0.699772497734611
52,30,0.0,0,1,0.357,0.5,0.5,0.699772497734611
52,31,0.0,0,1,0.357,0.5,0.5,0.699772497734611
52,32,4.971842651460652,1,0,0.357,0.5,0.5,0.699772497734611
52,33,0.0014170403791706788,1,0,0.357,0.5,0.5,0.699772497734611
52,34,0.0,0,1,0.357,0.5,0.5,0.699772497734611
52,35,1.4740103035956968,1,0,0.357,0.5,0.5,0.699772497734611
52,36,0.0,0,1,0.357,0.5,0.5,0.699772497734611
52,37,0.9043815699060512,2,0,0.357,0.5,0.5,0.699772497734611
52,38,2.7896312217751618,2,0,0.357,0.5,0.5,0.699772497734611
52,39,3.2557975525311,2,0,0.357,0.5,0.5,0.699772497734611
52,40,0.0,0,1,0.357,0.5,0.5,0.699772497734611
52,41,0.0,0,1,0.357,0.5,0.5,0.699772497734611
52,42,4.009039681396165,2,0,0.357,0.5,0.5,0.699772497734611
52,43,0.0,0,1,0.357,0.5,0.5,0.699772497734611
52,44,0.0,0,1,0.357,0.5,0.5,0.699772497734611
52,45,0.0,0,1,0.357,0.5,0.5,0.699772497734611
52,46,0.0034446801073710655,1,0,0.357,0.5,0.5,0.699772497734611
52,47,0.13098030804915833,1,0,0.357,0.5,0.5,0.699772497734611
52,48,0.0,0,1,0.357,0.5,0.5,0.699772497734611
52,49,0.0,0,1,0.357,0.5,0.5,0.699772497734611
53,0,0.0,0,1,0.357,0.5,0.5,0.699772497734611
53,1,0.0,0,1,0.357,0.5,0.5,0.699772497734611
53,2,0.0,0,1,0.357,0.5,0.5,0.699772497734611
53,3,0.7613704489209768,1,0,0.357,0.5,0.5,0.699772497734611
53,4,0.2119800476867257,1,0,0.357,0.5,0.5,0.699772497734611
53,5,3.194742265083739,1,0,0.357,0.5,0.5,0.699772497734611
53,6,0.0,0,1,0.357,0.5,0.5,0.699772497734611
53,7,0.0,0,1,0.357,0.5,0.5,0.699772497734611
53,8,0.0,0,1,0.357,0.5,0.5,0.699772497734611
53,9,0.0,0,1,0.357,0.5,0.5,0.699772497734611
53,10,2.0373060664705935,1,0,0.357,0.5,0.5,0.699772497734611
53,11,0.0221691193148243,1,0,0.357,0.5,0.5,0.699772497734611
53,12,0.0,0,1,0.357,0.5,0.5,0.699772497734611
53,13,0.0,0,1,0.357,0.5,0.5,0.699772497734611
53,14,0.0,0,1,0.357,0.5,0.5,0.699772497734611
53,15,0.0,0,1,0.357,0.5,0.5,0.699772497734611
53,16,0.0,0,1,0.357,0.5,0.5,0.699772497734611
53,17,0.0,0,1,0.357,0.5,0.5,0.699772497734611
53,18,0.08075053353257966,1,0,0.357,0.5,0.5,0.699772497734611
53,19,0.0,0,1,0.357,0.5,0.5,0.699772497734611
53,20,0.0,0,1,0.357,0.5,0.5,0.699772497734611
53,21,0.0,0,1,0.357,0.5,0.5,0.699772497734611
53,22,0.0,0,1,0.357,0.5,0.5,0.699772497734611
53,23,0.9901210407658361,1,0,0.357,0.5,0.5,0.699772497734611
53,24,0.0,0,1,0.357,0.5,0.5,0.699772497734611
53,25,1.1108380531713434e-06,1,0,0.357,0.5,0.5,0.699772497734611
53,26,0.0,0,1,0.357,0.5,0.5,0.699772497734611
53,27,0.0,0,1,0.357,0.5,0.5,0.699772497734611
53,28,0.0,0,1,0.357,0.5,0.5,0.699772497734611
53,29,0.16828986668691848,1,0,0.357,0.5,0.5,0.699772497734611
53,30,0.4134151373605681,1,0,0.357,0.5,0.5,0.699772497734611
53,31,0.0,0,1,0.357,0.5,0.5,0.699772497734611
53,32,0.0,0,1,0.357,0.5,0.5,0.699772497734611
53,33,0.0,0,1,0.357,0.5,0.5,0.699772497734611
53,34,2.5708637280060342,1,0,0.357,0.5,0.5,0.699772497734611
53,35,0.0,0,1,0.357,0.5,0.5,0.699772497734611
53,36,0.0,0,1,0.357,0.5,0.5,0.699772497734611
53,37,0.3227757229879578,1,0,0.357,0.5,0.5,0.699772497734611
53,38,0.0,0,1,0.357,0.5,0.5,0.699772497734611
53,39,0.0,0,1,0.357,0.5,0.5,0.699772497734611
53,40,0.021897346615595812,1,0,0.357,0.5,0.5,0.699772497734611
53,41,0.0,0,1,0.357,0.5,0.5,0.699772497734611
53,42,0.0,0,1,0.357,0.5,0.5,0.699772497734611
53,43,0.0,0,1,0.357,0.5,0.5,0.699772497734611
53,44,0.19909728931600382,1,0,0.357,0.5,0.5,0.699772497734611
53,45,0.1779472856346086,1,0,0.357,0.5,0.5,0.699772497734611
53,46,4.368538003563316,1,0,0.357,0.5,0.5,0.699772497734611
53,47,0.0,0,1,0.357,0.5,0.5,0.699772497734611
53,48,0.0,0,1,0.357,0.5,0.5,0.699772497734611
53,49,0.0,0,1,0.357,0.5,0.5,0.699772497734611
54,0,0.01157218925089606,1,0,0.357,0.5,0.5,0.699772497734611
54,1,0.0,0,1,0.357,0.5,0.5,0.699772497734611
54,2,1.5132970282541758,1,0,0.357,0.5,0.5,0.699772497734611
54,3,0.0,0,1,0.357,0.5,0.5,0.699772497734611
54,4,0.36252277233824454,1,0,0.357,0.5,0.5,0.699772497734611
54,5,0.0,0,1,0.357,0.5,0.5,0.699772497734611
54,6,0.0,0,1,0.357,0.5,0.5,0.699772497734611
54,7,0.0,0,1,0.357,0.5,0.5,0.699772497734611
54,8,0.0,0,1,0.357,0.5,0.5,0.699772497734611
54,9,1.2641238626897582,2,0,0.357,0.5,0.5,0.699772497734611
54,10,0.0,0,1,0.357,0.5,0.5,0.699772497734611
54,11,0.0,0,1,0.357,0.5,0.5,0.699772497734611
54,12,0.0,0,1,0.357,0.5,0.5,0.699772497734611
54,13,0.0,0,1,0.357,0.5,0.5,0.699772497734611
54,14,0.0,0,1,0.357,0.5,0.5,0.699772497734611
54,15,0.0,0,1,0.357,0.5,0.5,0.699772497734611
54,16,0.0,0,1,0.357,0.5,0.5,0.699772497734611
54,17,0.0,0,1,0.357,0.5,0.5,0.699772497734611
54,18,0.0,0,1,0.357,0.5,0.5,0.699772497734611
54,19,0.0,0,1,0.357,0.5,0.5,0.699772497734611
54,20,2.5314049498770625,1,0,0.357,0.5,0.5,0.699772497734611
54,21,0.0,0,1,0.357,0.5,0.5,0.699772497734611
54,22,0.0,0,1,0.357,0.5,0.5,0.699772497734611
54,23,0.0,0,1,0.357,0.5,0.5,0.699772497734611
54,24,0.0,0,1,0.357,0.5,0.5,0.699772497734611
54,25,0.0,0,1,0.357,0.5,0.5,0.699772497734611
54,26,0.0,0,1,0.357,0.5,0.5,0.699772497734611
54,27,0.0,0,1,0.357,0.5,0.5,0.699772497734611
54,28,0.00780366670083842,1,0,0.357,0.5,0.5,0.699772497734611
54,29,0.0,0,1,0.357,0.5,0.5,0.699772497734611
54,30,0.0,0,1,0.357,0.5,0.5,0.699772497734611
54,31,0.0,0,1,0.357,0.5,0.5,0.699772497734611
54,32,0.0,0,1,0.357,0.5,0.5,0.699772497734611
54,33,0.8196028625873658,1,0,0.357,0.5,0.5,0.699772497734611
54,34,0.0,0,1,0.357,0.5,0.5,0.699772497734611
54,35,0.0,0,1,0.357,0.5,0.5,0.699772497734611
54,36,0.04522531865116966,1,0,0.357,0.5,0.5,0.699772497734611
54,37,0.0,0,1,0.357,0.5,0.5,0.699772497734611
54,38,0.0,0,1,0.357,0.5,0.5,0.699772497734611
54,39,0.8518153415586458,1,0,0.357,0.5,0.5,0.699772497734611
54,40,0.0,0,1,0.357,0.5,0.5,0.699772497734611
54,41,0.0025611082059211654,1,0,0.357,0.5,0.5,0.699772497734611
54,42,0.0100054566379071,1,0,0.357,0.5,0.5,0.699772497734611
54,43,0.8441607089479043,2,0,0.357,0.5,0.5,0.699772497734611
54,44,0.0,0,1,0.357,0.5,0.5,0.699772497734611
54,45,0.0,0,1,0.357,0.5,0.5,0.699772497734611
54,46,0.0,0,1,0.357,0.5,0.5,0.699772497734611
54,47,0.0,0,1,0.357,0.5,0.5,0.699772497734611
54,48,4.517111606098908,1,0,0.357,0.5,0.5,0.699772497734611
54,49,0.0,0,1,0.357,0.5,0.5,0.699772497734611
55,0,0.0,0,1,0.357,0.5,0.5,0.699772497734611
55,1,0.0,0,1,0.357,0.5,0.5,0.699772497734611
55,2,0.0,0,1,0.357,0.5,0.5,0.699772497734611
55,3,0.0,0,1,0.357,0.5,0.5,0.699772497734611
55,4,0.0,0,1,0.357,0.5,0.5,0.699772497734611
55,5,0.0,0,1,0.357,0.5,0.5,0.699772497734611
55,6,0.0,0,1,0.357,0.5,0.5,0.699772497734611
55,7,0.0,0,1,0.357,0.5,0.5,0.699772497734611
55,8,0.0,0,1,0.357,0.5,0.5,0.699772497734611
55,9,0.0266726064135974,1,0,0.357,0.5,0.5,0.699772497734611
55,10,0.0,0,1,0.357,0.5,0.5,0.699772497734611
55,11,0.0,0,1,0.357,0.5,0.5,0.699772497734611
55,12,0.0,0,1,0.357,0.5,0.5,0.699772497734611
55,13,6.454160386843976,1,0,0.357,0.5,0.5,0.699772497734611
55,14,0.4271403641384985,2,0,0.357,0.5,0.5,0.699772497734611
55,15,0.0,0,1,0.357,0.5,0.5,0.699772497734611
55,16,2.70279357896446,3,0,0.357,0.5,0.5,0.699772497734611
55,17,0.0,0,1,0.357,0.5,0.5,0.699772497734611
55,18,2.6110286909922107,1,0,0.357,0.5,0.5,0.699772497734611
55,19,1.2375732743672745,1,0,0.357,0.5,0.5,0.699772497734611
55,20,0.0,0,1,0.357,0.5,0.5,0.699772497734611
55,21,0.0,0,1,0.357,0.5,0.5,0.699772497734611
55,22,0.0,0,1,0.357,0.5,0.5,0.699772497734611
55,23,0.0,0,1,0.357,0.5,0.5,0.699772497734611
55,24,0.10705875315627704,1,0,0.357,0.5,0.5,0.699772497734611
55,25,2.36094959066023,2,0,0.357,0.5,0.5,0.699772497734611
55,26,0.002410760596223636,1,0,0.357,0.5,0.5,0.699772497734611
55,27,4.949890933060849,2,0,0.357,0.5,0.5,0.699772497734611
55,28,2.7601080770392588,1,0,0.357,0.5,0.5,0.699772497734611
55,29,0.0,0,1,0.357,0.5,0.5,0.699772497734611
55,30,5.442669051822309,1,0,0.357,0.5,0.5,0.699772497734611
55,31,0.0,0,1,0.357,0.5,0.5,0.699772497734611
55,32,0.0,0,1,0.357,0.5,0.5,0.699772497734611
55,33,0.0,0,1,0.357,0.5,0.5,0.699772497734611
55,34,0.0,0,1,0.357,0.5,0.5,0.699772497734611
55,35,0.0,0,1,0.357,0.5,0.5,0.699772497734611
55,36,0.0,0,1,0.357,0.5,0.5,0.699772497734611
55,37,3.4764835232891946,1,0,0.357,0.5,0.5,0.699772497734611
55,38,0.7983922178270819,1,0,0.357,0.5,0.5,0.699772497734611
55,39,0.41652257603868914,1,0,0.357,0.5,0.5,0.699772497734611
55,40,0.0,0,1,0.357,0.5,0.5,0.699772497734611
55,41,0.0,0,1,0.357,0.5,0.5,0.699772497734611
55,42,0.0,0,1,0.357,0.5,0.5,0.699772497734611
55,43,1.4592984877194597,1,0,0.357,0.5,0.5,0.699772497734611
55,44,0.0,0,1,0.357,0.5,0.5,0.699772497734611
55,45,0.0,0,1,0.357,0.5,0.5,0.699772497734611
55,46,0.0,0,1,0.357,0.5,0.5,0.699772497734611
55,47,0.0,0,1,0.357,0.5,0.5,0.699772497734611
55,48,0.0,0,1,0.357,0.5,0.5,0.699772497734611
55,49,0.09605176440475269,1,0,0.357,0.5,0.5,0.699772497734611
56,0,0.8235593568054373,1,0,0.357,0.5,0.5,0.699772497734611
56,1,0.0,0,1,0.357,0.5,0.5,0.699772497734611
56,2,0.20833919463058317,1,0,0.357,0.5,0.5,0.699772497734611
56,3,0.0,0,1,0.357,0.5,0.5,0.699772497734611
56,4,1.6847653016805832,1,0,0.357,0.5,0.5,0.699772497734611
56,5,0.0,0,1,0.357,0.5,0.5,0.699772497734611
56,6,0.0,0,1,0.357,0.5,0.5,0.699772497734611
56,7,0.0,0,1,0.357,0.5,0.5,0.699772497734611
56,8,0.0,0,1,0.357,0.5,0.5,0.699772497734611
56,9,0.31915531020191684,1,0,0.357,0.5,0.5,0.699772497734611
56,10,1.6520532632889078,1,0,0.357,0.5,0.5,0.699772497734611
56,11,0.8201891695931064,2,0,0.357,0.5,0.5,0.699772497734611
56,12,0.0,0,1,0.357,0.5,0.5,0.699772497734611
56,13,0.28902943939977693,1,0,0.357,0.5,0.5,0.699772497734611
56,14,0.0,0,1,0.357,0.5,0.5,0.699772497734611
56,15,0.0,0,1,0.357,0.5,0.5,0.699772497734611
56,16,1.3296054864992064,1,0,0.357,0.5,0.5,0.699772497734611
56,17,0.0,0,1,0.357,0.5,0.5,0.699772497734611
56,18,0.0,0,1,0.357,0.5,0.5,0.699772497734611
56,19,0.0,0,1,0.357,0.5,0.5,0.699772497734611
56,20,0.006446027888843486,1,0,0.357,0.5,0.5,0.699772497734611
56,21,0.0,0,1,0.357,0.5,0.5,0.699772497734611
56,22,0.0,0,1,0.357,0.5,0.5,0.699772497734611
56,23,0.1922851623667694,1,0,0.357,0.5,0.5,0.699772497734611
56,24,0.0,0,1,0.357,0.5,0.5,0.699772497734611
56,25,0.0,0,1,0.357,0.5,0.5,0.699772497734611
56,26,0.792051322588854,1,0,0.357,0.5,0.5,0.699772497734611
56,27,0.0,0,1,0.357,0.5,0.5,0.699772497734611
56,28,0.003966354430166105,1,0,0.357,0.5,0.5,0.699772497734611
56,29,0.0,0,1,0.357,0.5,0.5,0.699772497734611
56,30,0.0,0,1,0.357,0.5,0.5,0.699772497734611
56,31,0.0,0,1,0.357,0.5,0.5,0.699772497734611
56,32,0.0,0,1,0.357,0.5,0.5,0.699772497734611
56,33,0.0,0,1,0.357,0.5,0.5,0.699772497734611
56,34,0.0,0,1,0.357,0.5,0.5,0.699772497734611
56,35,0.0,0,1,0.357,0.5,0.5,0.699772497734611
56,36,0.0,0,1,0.357,0.5,0.5,0.699772497734611
56,37,1.6824388977976956,2,0,0.357,0.5,0.5,0.699772497734611
56,38,1.3400071486979784e-06,1,0,0.357,0.5,0.5,0.699772497734611
56,39,2.7176596851456605,3,0,0.357,0.5,0.5,0.699772497734611
56,40,0.0,0,1,0.357,0.5,0.5,0.699772497734611
56,41,0.551815639352365,1,0,0.357,0.5,0.5,0.699772497734611
56,42,0.0,0,1,0.357,0.5,0.5,0.699772497734611
56,43,0.0,0,1,0.357,0.5,0.5,0.699772497734611
56,44,0.0,0,1,0.357,0.5,0.5,0.699772497734611
56,45,0.06859003262717418,2,0,0.357,0.5,0.5,0.699772497734611
56,46,0.22049614814205432,1,0,0.357,0.5,0.5,0.699772497734611
56,47,0.3439239742548968,1,0,0.357,0.5,0.5,0.699772497734611
56,48,0.0,0,1,0.357,0.5,0.5,0.699772497734611
56,49,0.0,0,1,0.357,0.5,0.5,0.699772497734611
57,0,0.0,0,1,0.357,0.5,0.5,0.699772497734611
57,1,0.0,0,1,0.357,0.5,0.5,0.699772497734611
57,2,0.0,0,1,0.357,0.5,0.5,0.699772497734611
57,3,0.06998008133602703,1,0,0.357,0.5,0.5,0.699772497734611
57,4,1.3639736940116673,2,0,0.357,0.5,0.5,0.699772497734611
57,5,3.3223127565554282,2,0,0.357,0.5,0.5,0.699772497734611
57,6,0.0,0,1,0.357,0.5,0.5,0.699772497734611
57,7,0.0,0,1,0.357,0.5,0.5,0.699772497734611
57,8,0.0,0,1,0.357,0.5,0.5,0.699772497734611
57,9,0.0,0,1,0.357,0.5,0.5,0.699772497734611
57,10,0.0,0,1,0.357,0.5,0.5,0.699772497734611
57,11,0.40321540570811587,1,0,0.357,0.5,0.5,0.699772497734611
57,12,0.0,0,1,0.357,0.5,0.5,0.699772497734611
57,13,0.0,0,1,0.357,0.5,0.5,0.699772497734611
57,14,0.0,0,1,0.357,0.5,0.5,0.699772497734611
57,15,0.0,0,1,0.357,0.5,0.5,0.699772497734611
57,16,0.0,0,1,0.357,0.5,0.5,0.699772497734611
57,17,0.0,0,1,0.357,0.5,0.5,0.699772497734611
57,18,0.0,0,1,0.357,0.5,0.5,0.699772497734611
57,19,0.0,0,1,0.357,0.5,0.5,0.699772497734611
57,20,0.0,0,1,0.357,0.5,0.5,0.699772497734611
57,21,0.0,0,1,0.357,0.5,0.5,0.699772497734611
57,22,0.0,0,1,0.357,0.5,0.5,0.699772497734611
57,23,0.028748438600973453,1,0,0.357,0.5,0.5,0.699772497734611
57,24,0.0,0,1,0.357,0.5,0.5,0.699772497734611
57,25,0.010598664376651534,1,0,0.357,0.5,0.5,0.699772497734611
57,26,1.14641803450049,1,0,0.357,0.5,0.5,0.699772497734611
57,27,0.0,0,1,0.357,0.5,0.5,0.699772497734611
57,28,0.0,0,1,0.357,0.5,0.5,0.699772497734611
57,29,0.0,0,1,0.357,0.5,0.5,0.699772497734611
57,30,0.0,0,1,0.357,0.5,0.5,0.699772497734611
57,31,0.367114378101966,1,0,0.357,0.5,0.5,0.699772497734611
57,32,0.0,0,1,0.357,0.5,0.5,0.699772497734611
57,33,0.0,0,1,0.357,0.5,0.5,0.699772497734611
57,34,0.0,0,1,0.357,0.5,0.5,0.699772497734611
57,35,0.0,0,1,0.357,0.5,0.5,0.699772497734611
57,36,0.0,0,1,0.357,0.5,0.5,0.699772497734611
57,37,0.0,0,1,0.357,0.5,0.5,0.699772497734611
57,38,0.0,0,1,0.357,0.5,0.5,0.699772497734611
57,39,0.0,0,1,0.357,0.5,0.5,0.699772497734611
57,40,1.9525046239557522,1,0,0.357,0.5,0.5,0.699772497734611
57,41,0.0,0,1,0.357,0.5,0.5,0.699772497734611
57,42,0.0,0,1,0.357,0.5,0.5,0.699772497734611
57,43,0.0,0,1,0.357,0.5,0.5,0.699772497734611
57,44,0.0,0,1,0.357,0.5,0.5,0.699772497734611
57,45,0.0,0,1,0.357,0.5,0.5,0.699772497734611
57,46,0.0,0,1,0.357,0.5,0.5,0.699772497734611
57,47,0.0,0,1,0.357,0.5,0.5,0.699772497734611
57,48,1.8376176209106032,2,0,0.357,0.5,0.5,0.699772497734611
57,49,0.0,0,1,0.357,0.5,0.5,0.699772497734611
58,0,0.0,0,1,0.357,0.5,0.5,0.699772497734611
58,1,0.0,0,1,0.357,0.5,0.5,0.699772497734611
58,2,0.00018696862792495623,1,0,0.357,0.5,0.5,0.699772497734611
58,3,0.0,0,1,0.357,0.5,0.5,0.699772497734611
58,4,0.0,0,1,0.357,0.5,0.5,0.699772497734611
58,5,0.0,0,1,0.357,0.5,0.5,0.699772497734611
58,6,0.0,0,1,0.357,0.5,0.5,0.699772497734611
58,7,0.0,0,1,0.357,0.5,0.5,0.699772497734611
58,8,0.0,0,1,0.357,0.5,0.5,0.699772497734611
58,9,0.0,0,1,0.357,0.5,0.5,0.699772497734611
58,10,0.0,0,1,0.357,0.5,0.5,0.699772497734611
58,11,0.0,0,1,0.357,0.5,0.5,0.699772497734611
58,12,0.0,0,1,0.357,0.5,0.5,0.699772497734611
58,13,1.4011006598235145,1,0,0.357,0.5,0.5,0.699772497734611
58,14,1.6615458016443525,1,0,0.357,0.5,0.5,0.699772497734611
58,15,0.0,0,1,0.357,0.5,0.5,0.699772497734611
58,16,0.0,0,1,0.357,0.5,0.5,0.699772497734611
58,17,0.0,0,1,0.357,0.5,0.5,0.699772497734611
58,18,0.0,0,1,0.357,0.5,0.5,0.699772497734611
58,19,0.0,0,1,0.357,0.5,0.5,0.699772497734611
58,20,0.0,0,1,0.357,0.5,0.5,0.699772497734611
58,21,7.223576549746556,2,0,0.357,0.5,0.5,0.699772497734611
58,22,0.0,0,1,0.357,0.5,0.5,0.699772497734611
58,23,0.5708553879115805,1,0,0.357,0.5,0.5,0.699772497734611
58,24,0.0,0,1,0.357,0.5,0.5,0.699772497734611
58,25,0.308853978350365,1,0,0.357,0.5,0.5,0.699772497734611
58,26,0.0,0,1,0.357,0.5,0.5,0.699772497734611
58,27,0.0,0,1,0.357,0.5,0.5,0.699772497734611
58,28,0.0,0,1,0.357,0.5,0.5,0.699772497734611
58,29,0.0,0,1,0.357,0.5,0.5,0.699772497734611
58,30,0.0,0,1,0.357,0.5,0.5,0.699772497734611
58,31,0.0,0,1,0.357,0.5,0.5,0.699772497734611
58,32,1.5891975545939332,1,0,0.357,0.5,0.5,0.699772497734611
58,33,0.0,0,1,0.357,0.5,0.5,0.699772497734611
58,34,0.6302989988227622,1,0,0.357,0.5,0.5,0.699772497734611
58,35,0.0,0,1,0.357,0.5,0.5,0.699772497734611
58,36,0.0,0,1,0.357,0.5,0.5,0.699772497734611
58,37,0.0,0,1,0.357,0.5,0.5,0.699772497734611
58,38,2.4988655305399274,1,0,0.357,0.5,0.5,0.699772497734611
58,39,0.0,0,1,0.357,0.5,0.5,0.699772497734611
58,40,0.8740827357579997,1,0,0.357,0.5,0.5,0.699772497734611
58,41,0.7613310382287081,1,0,0.357,0.5,0.5,0.699772497734611
58,42,1.9749842391772212,2,0,0.357,0.5,0.5,0.699772497734611
58,43,0.0,0,1,0.357,0.5,0.5,0.699772497734611
58,44,4.13612072181414,2,0,0.357,0.5,0.5,0.699772497734611
58,45,0.5739858268271716,2,0,0.357,0.5,0.5,0.699772497734611
58,46,0.711812514132728,2,0,0.357,0.5,0.5,0.699772497734611
58,47,0.0,0,1,0.357,0.5,0.5,0.699772497734611
58,48,0.0,0,1,0.357,0.5,0.5,0.699772497734611
58,49,0.870933391565202,2,0,0.357,0.5,0.5,0.699772497734611
59,0,1.7946732704474087,1,0,0.357,0.5,0.5,0.699772497734611
59,1,0.0,0,1,0.357,0.5,0.5,0.699772497734611
59,2,0.0,0,1,0.357,0.5,0.5,0.699772497734611
59,3,0.026640027768992894,1,0,0.357,0.5,0.5,0.699772497734611
59,4,1.4055838288668674,1,0,0.357,0.5,0.5,0.699772497734611
59,5,0.0,0,1,0.357,0.5,0.5,0.699772497734611
59,6,0.0,0,1,0.357,0.5,0.5,0.699772497734611
59,7,0.0,0,1,0.357,0.5,0.5,0.699772497734611
59,8,0.33931367904780835,1,0,0.357,0.5,0.5,0.699772497734611
59,9,0.0,0,1,0.357,0.5,0.5,0.699772497734611
59,10,0.0079981548706004,1,0,0.357,0.5,0.5,0.699772497734611
59,11,0.0,0,1,0.357,0.5,0.5,0.699772497734611
59,12,0.0,0,1,0.357,0.5,0.5,0.699772497734611
59,13,1.2719100860553392,1,0,0.357,0.5,0.5,0.699772497734611
59,14,1.5962552817168636,3,0,0.357,0.5,0.5,0.699772497734611
59,15,0.0,0,1,0.357,0.5,0.5,0.699772497734611
59,16,0.0,0,1,0.357,0.5,0.5,0.699772497734611
59,17,0.0,0,1,0.357,0.5,0.5,0.699772497734611
59,18,0.0,0,1,0.357,0.5,0.5,0.699772497734611
59,19,0.005845774196100051,1,0,0.357,0.5,0.5,0.699772497734611
59,20,3.9312198696711564,1,0,0.357,0.5,0.5,0.699772497734611
59,21,0.0,0,1,0.357,0.5,0.5,0.699772497734611
59,22,2.8443772203110944,3,0,0.357,0.5,0.5,0.699772497734611
59,23,0.0,0,1,0.357,0.5,0.5,0.699772497734611
59,24,0.0,0,1,0.357,0.5,0.5,0.699772497734611
59,25,0.08739971172470337,1,0,0.357,0.5,0.5,0.699772497734611
59,26,0.0,0,1,0.357,0.5,0.5,0.699772497734611
59,27,0.8538685745444866,1,0,0.357,0.5,0.5,0.699772497734611
59,28,0.0,0,1,0.357,0.5,0.5,0.699772497734611
59,29,0.0,0,1,0.357,0.5,0.5,0.699772497734611
59,30,0.0,0,1,0.357,0.5,0.5,0.699772497734611
59,31,0.1861519635524463,1,0,0.357,0.5,0.5,0.699772497734611
59,32,0.0,0,1,0.357,0.5,0.5,0.699772497734611
59,33,0.0,0,1,0.357,0.5,0.5,0.699772497734611
59,34,0.19831531062401,1,0,0.357,0.5,0.5,0.699772497734611
59,35,0.0,0,1,0.357,0.5,0.5,0.699772497734611
59,36,0.0,0,1,0.357,0.5,0.5,0.699772497734611
59,37,0.0,0,1,0.357,0.5,0.5,0.699772497734611
59,38,0.0,0,1,0.357,0.5,0.5,0.699772497734611
59,39,0.0,0,1,0.357,0.5,0.5,0.699772497734611
59,40,2.4377588251863913,1,0,0.357,0.5,0.5,0.699772497734611
59,41,0.0,0,1,0.357,0.5,0.5,0.699772497734611
59,42,0.0,0,1,0.357,0.5,0.5,0.699772497734611
59,43,0.0,0,1,0.357,0.5,0.5,0.699772497734611
59,44,0.0,0,1,0.357,0.5,0.5,0.699772497734611
59,45,0.00010525903317389492,1,0,0.357,0.5,0.5,0.699772497734611
59,46,0.2775483500207306,1,0,0.357,0.5,0.5,0.699772497734611
59,47,0.0,0,1,0.357,0.5,0.5,0.699772497734611
59,48,0.0,0,1,0.357,0.5,0.5,0.699772497734611
59,49,0.0,0,1,0.357,0.5,0.5,0.699772497734611
60,0,0.7210623304679349,1,0,0.357,0.5,0.5,0.699772497734611
60,1,0.0,0,1,0.357,0.5,0.5,0.699772497734611
60,2,0.0,0,1,0.357,0.5,0.5,0.699772497734611
60,3,0.0,0,1,0.357,0.5,0.5,0.699772497734611
60,4,0.0,0,1,0.357,0.5,0.5,0.699772497734611
60,5,0.0,0,1,0.357,0.5,0.5,0.699772497734611
60,6,0.5349374781924687,1,0,0.357,0.5,0.5,0.699772497734611
60,7,0.0,0,1,0.357,0.5,0.5,0.699772497734611
60,8,0.0,0,1,0.357,0.5,0.5,0.699772497734611
60,9,5.793414978485868,2,0,0.357,0.5,0.5,0.699772497734611
60,10,0.0,0,1,0.357,0.5,0.5,0.699772497734611
60,11,0.06663948415253704,1,0,0.357,0.5,0.5,0.699772497734611
60,12,0.0,0,1,0.357,0.5,0.5,0.699772497734611
60,13,0.0,0,1,0.357,0.5,0.5,0.699772497734611
60,14,0.7689358020381604,2,0,0.357,0.5,0.5,0.699772497734611
60,15,0.0,0,1,0.357,0.5,0.5,0.699772497734611
60,16,0.0,0,1,0.357,0.5,0.5,0.699772497734611
60,17,0.0,0,1,0.357,0.5,0.5,0.699772497734611
60,18,0.8000989674530998,1,0,0.357,0.5,0.5,0.699772497734611
60,19,0.0,0,1,0.357,0.5,0.5,0.699772497734611
60,20,1.182255566090354,1,0,0.357,0.5,0.5,0.699772497734611
60,21,0.0,0,1,0.357,0.5,0.5,0.699772497734611
60,22,0.0,0,1,0.357,0.5,0.5,0.699772497734611
60,23,0.7366640374343778,1,0,0.357,0.5,0.5,0.699772497734611
60,24,0.0,0,1,0.357,0.5,0.5,0.699772497734611
60,25,0.0,0,1,0.357,0.5,0.5,0.699772497734611
60,26,0.0,0,1,0.357,0.5,0.5,0.699772497734611
60,27,0.0,0,1,0.357,0.5,0.5,0.699772497734611
60,28,0.0,0,1,0.357,0.5,0.5,0.699772497734611
60,29,0.0,0,1,0.357,0.5,0.5,0.699772497734611
60,30,0.0,0,1,0.357,0.5,0.5,0.699772497734611
60,31,0.0,0,1,0.357,0.5,0.5,0.699772497734611
60,32,0.0,0,1,0.357,0.5,0.5,0.699772497734611
60,33,0.0,0,1,0.357,0.5,0.5,0.699772497734611
60,34,0.7887711142368878,3,0,0.357,0.5,0.5,0.699772497734611
60,35,0.0,0,1,0.357,0.5,0.5,0.699772497734611
60,36,0.0,0,1,0.357,0.5,0.5,0.699772497734611
60,37,0.0,0,1,0.357,0.5,0.5,0.699772497734611
60,38,0.0,0,1,0.357,0.5,0.5,0.699772497734611
60,39,0.0,0,1,0.357,0.5,0.5,0.699772497734611
60,40,0.07108109557808172,1,0,0.357,0.5,0.5,0.699772497734611
60,41,0.0,0,1,0.357,0.5,0.5,0.699772497734611
60,42,0.0,0,1,0.357,0.5,0.5,0.699772497734611
60,43,0.0,0,1,0.357,0.5,0.5,0.699772497734611
60,44,0.0,0,1,0.357,0.5,0.5,0.699772497734611
60,45,0.0,0,1,0.357,0.5,0.5,0.699772497734611
60,46,0.0,0,1,0.357,0.5,0.5,0.699772497734611
60,47,0.0,0,1,0.357,0.5,0.5,0.699772497734611
60,48,0.2708882552975604,1,0,0.357,0.5,0.5,0.699772497734611
60,49,0.0,0,1,0.357,0.5,0.5,0.699772497734611
61,0,2.097706018241808,1,0,0.357,0.5,0.5,0.699772497734611
61,1,0.0558388256474909,1,0,0.357,0.5,0.5,0.699772497734611
61,2,0.045167321640568074,1,0,0.357,0.5,0.5,0.699772497734611
61,3,0.0,0,1,0.357,0.5,0.5,0.699772497734611
61,4,0.0,0,1,0.357,0.5,0.5,0.699772497734611
61,5,0.0,0,1,0.357,0.5,0.5,0.699772497734611
61,6,0.015619718507322536,1,0,0.357,0.5,0.5,0.699772497734611
61,7,0.0,0,1,0.357,0.5,0.5,0.699772497734611
61,8,1.2573851454433036,1,0,0.357,0.5,0.5,0.699772497734611
61,9,0.0,0,1,0.357,0.5,0.5,0.699772497734611
61,10,1.8322406617190732,1,0,0.357,0.5,0.5,0.699772497734611
61,11,0.0,0,1,0.357,0.5,0.5,0.699772497734611
61,12,0.0,0,1,0.357,0.5,0.5,0.699772497734611
61,13,2.723564584126743,1,0,0.357,0.5,0.5,0.699772497734611
61,14,0.0,0,1,0.357,0.5,0.5,0.699772497734611
61,15,0.0,0,1,0.357,0.5,0.5,0.699772497734611
61,16,0.0,0,1,0.357,0.5,0.5,0.699772497734611
61,17,0.0,0,1,0.357,0.5,0.5,0.699772497734611
61,18,0.0,0,1,0.357,0.5,0.5,0.699772497734611
61,19,0.0,0,1,0.357,0.5,0.5,0.699772497734611
61,20,0.0,0,1,0.357,0.5,0.5,0.699772497734611
61,21,0.16153969016401112,1,0,0.357,0.5,0.5,0.699772497734611
61,22,0.0,0,1,0.357,0.5,0.5,0.699772497734611
61,23,0.0,0,1,0.357,0.5,0.5,0.699772497734611
61,24,0.0,0,1,0.357,0.5,0.5,0.699772497734611
61,25,0.0,0,1,0.357,0.5,0.5,0.699772497734611
61,26,0.0,0,1,0.357,0.5,0.5,0.699772497734611
61,27,7.645881172021762,2,0,0.357,0.5,0.5,0.699772497734611
61,28,0.0,0,1,0.357,0.5,0.5,0.699772497734611
61,29,3.6593616371126725,1,0,0.357,0.5,0.5,0.699772497734611
61,30,0.747209514396524,2,0,0.357,0.5,0.5,0.699772497734611
61,31,0.315058773531012,1,0,0.357,0.5,0.5,0.699772497734611
61,32,0.0,0,1,0.357,0.5,0.5,0.699772497734611
61,33,0.0,0,1,0.357,0.5,0.5,0.699772497734611
61,34,0.0,0,1,0.357,0.5,0.5,0.699772497734611
61,35,6.586060059474432,2,0,0.357,0.5,0.5,0.699772497734611
61,36,0.02336556583985824,1,0,0.357,0.5,0.5,0.699772497734611
61,37,0.0,0,1,0.357,0.5,0.5,0.699772497734611
61,38,1.825816179066613,2,0,0.357,0.5,0.5,0.699772497734611
61,39,0.0,0,1,0.357,0.5,0.5,0.699772497734611
61,40,1.6872525726692027,1,0,0.357,0.5,0.5,0.699772497734611
61,41,1.8600619198457942,2,0,0.357,0.5,0.5,0.699772497734611
61,42,0.0,0,1,0.357,0.5,0.5,0.699772497734611
61,43,0.0,0,1,0.357,0.5,0.5,0.699772497734611
61,44,0.0,0,1,0.357,0.5,0.5,0.699772497734611
61,45,1.7493171126059706,1,0,0.357,0.5,0.5,0.699772497734611
61,46,0.0,0,1,0.357,0.5,0.5,0.699772497734611
61,47,0.03559651778998435,1,0,0.357,0.5,0.5,0.699772497734611
61,48,0.0,0,1,0.357,0.5,0.5,0.699772497734611
61,49,0.0,0,1,0.357,0.5,0.5,0.699772497734611
62,0,0.0,0,1,0.357,0.5,0.5,0.699772497734611
62,1,0.004257707739421872,1,0,0.357,0.5,0.5,0.699772497734611
62,2,0.0,0,1,0.357,0.5,0.5,0.699772497734611
62,3,0.0,0,1,0.357,0.5,0.5,0.699772497734611
62,4,0.0,0,1,0.357,0.5,0.5,0.699772497734611
62,5,0.0,0,1,0.357,0.5,0.5,0.699772497734611
62,6,2.98849982361342,1,0,0.357,0.5,0.5,0.699772497734611
62,7,0.0630641398035613,1,0,0.357,0.5,0.5,0.699772497734611
62,8,0.0,0,1,0.357,0.5,0.5,0.699772497734611
62,9,0.0,0,1,0.357,0.5,0.5,0.699772497734611
62,10,0.0,0,1,0.357,0.5,0.5,0.699772497734611
62,11,0.0,0,1,0.357,0.5,0.5,0.699772497734611
62,12,0.0,0,1,0.357,0.5,0.5,0.699772497734611
62,13,0.0,0,1,0.357,0.5,0.5,0.699772497734611
62,14,0.0,0,1,0.357,0.5,0.5,0.699772497734611
62,15,0.0,0,1,0.357,0.5,0.5,0.699772497734611
62,16,0.0,0,1,0.357,0.5,0.5,0.699772497734611
62,17,0.0,0,1,0.357,0.5,0.5,0.699772497734611
62,18,2.598065168340986,1,0,0.357,0.5,0.5,0.699772497734611
62,19,2.149093421140267,1,0,0.357,0.5,0.5,0.699772497734611
62,20,0.10560949393091011,1,0,0.357,0.5,0.5,0.699772497734611
62,21,0.0,0,1,0.357,0.5,0.5,0.699772497734611
62,22,1.2498755597275728,2,0,0.357,0.5,0.5,0.699772497734611
62,23,0.0,0,1,0.357,0.5,0.5,0.699772497734611
62,24,0.8796609504042282,1,0,0.357,0.5,0.5,0.699772497734611
62,25,0.0,0,1,0.357,0.5,0.5,0.699772497734611
62,26,0.0,0,1,0.357,0.5,0.5,0.699772497734611
62,27,0.5030390886379662,1,0,0.357,0.5,0.5,0.699772497734611
62,28,0.017209879789415232,1,0,0.357,0.5,0.5,0.699772497734611
62,29,1.4877482167227303,1,0,0.357,0.5,0.5,0.699772497734611
62,30,0.033574752304695955,1,0,0.357,0.5,0.5,0.699772497734611
62,31,0.0,0,1,0.357,0.5,0.5,0.699772497734611
62,32,0.0,0,1,0.357,0.5,0.5,0.699772497734611
62,33,0.0,0,1,0.357,0.5,0.5,0.699772497734611
62,34,0.0,0,1,0.357,0.5,0.5,0.699772497734611
62,35,0.0,0,1,0.357,0.5,0.5,0.699772497734611
62,36,0.0,0,1,0.357,0.5,0.5,0.699772497734611
62,37,1.3530308676057086,1,0,0.357,0.5,0.5,0.699772497734611
62,38,0.0,0,1,0.357,0.5,0.5,0.699772497734611
62,39,3.1167438108276113,1,0,0.357,0.5,0.5,0.699772497734611
62,40,0.0,0,1,0.357,0.5,0.5,0.699772497734611
62,41,0.0,0,1,0.357,0.5,0.5,0.699772497734611
62,42,0.32873563356783553,1,0,0.357,0.5,0.5,0.699772497734611
62,43,0.0,0,1,0.357,0.5,0.5,0.699772497734611
62,44,0.0,0,1,0.357,0.5,0.5,0.699772497734611
62,45,0.0,0,1,0.357,0.5,0.5,0.699772497734611
62,46,0.0,0,1,0.357,0.5,0.5,0.699772497734611
62,47,0.0,0,1,0.357,0.5,0.5,0.699772497734611
62,48,0.0,0,1,0.357,0.5,0.5,0.699772497734611
62,49,0.0,0,1,0.357,0.5,0.5,0.699772497734611
63,0,0.6722509246035578,1,0,0.357,0.5,0.5,0.699772497734611
63,1,0.06839597770123247,1,0,0.357,0.5,0.5,0.699772497734611
63,2,0.0,0,1,0.357,0.5,0.5,0.699772497734611
63,3,0.0,0,1,0.357,0.5,0.5,0.699772497734611
63,4,0.1557956791560938,1,0,0.357,0.5,0.5,0.699772497734611
63,5,0.0,0,1,0.357,0.5,0.5,0.699772497734611
63,6,0.0,0,1,0.357,0.5,0.5,0.699772497734611
63,7,0.0,0,1,0.357,0.5,0.5,0.699772497734611
63,8,0.0,0,1,0.357,0.5,0.5,0.699772497734611
63,9,0.0,0,1,0.357,0.5,0.5,0.699772497734611
63,10,0.36973712649655976,1,0,0.357,0.5,0.5,0.699772497734611
63,11,1.6048128933384371,1,0,0.357,0.5,0.5,0.699772497734611
63,12,0.0,0,1,0.357,0.5,0.5,0.699772497734611
63,13,1.636930269594979,1,0,0.357,0.5,0.5,0.699772497734611
63,14,0.0,0,1,0.357,0.5,0.5,0.699772497734611
63,15,0.0,0,1,0.357,0.5,0.5,0.699772497734611
63,16,0.0,0,1,0.357,0.5,0.5,0.699772497734611
63,17,6.521303058434262,2,0,0.357,0.5,0.5,0.699772497734611
63,18,0.027261981199732846,1,0,0.357,0.5,0.5,0.699772497734611
63,19,0.0,0,1,0.357,0.5,0.5,0.699772497734611
63,20,0.0,0,1,0.357,0.5,0.5,0.699772497734611
63,21,0.0,0,1,0.357,0.5,0.5,0.699772497734611
63,22,2.399118621725697,1,0,0.357,0.5,0.5,0.699772497734611
63,23,0.0,0,1,0.357,0.5,0.5,0.699772497734611
63,24,1.0311374320671283,2,0,0.357,0.5,0.5,0.699772497734611
63,25,0.0,0,1,0.357,0.5,0.5,0.699772497734611
63,26,1.6102538805490874,2,0,0.357,0.5,0.5,0.699772497734611
63,27,0.822884048664871,1,0,0.357,0.5,0.5,0.699772497734611
63,28,0.0,0,1,0.357,0.5,0.5,0.699772497734611
63,29,0.0,0,1,0.357,0.5,0.5,0.699772497734611
63,30,0.0,0,1,0.357,0.5,0.5,0.699772497734611
63,31,0.5952035773907753,1,0,0.357,0.5,0.5,0.699772497734611
63,32,0.0,0,1,0.357,0.5,0.5,0.699772497734611
63,33,0.0,0,1,0.357,0.5,0.5,0.699772497734611
63,34,0.0,0,1,0.357,0.5,0.5,0.699772497734611
63,35,0.0,0,1,0.357,0.5,0.5,0.699772497734611
63,36,1.0963523506597737,1,0,0.357,0.5,0.5,0.699772497734611
63,37,0.4301530956228743,1,0,0.357,0.5,0.5,0.699772497734611
63,38,0.0,0,1,0.357,0.5,0.5,0.699772497734611
63,39,0.0,0,1,0.357,0.5,0.5,0.699772497734611
63,40,5.576719997782968,1,0,0.357,0.5,0.5,0.699772497734611
63,41,0.0,0,1,0.357,0.5,0.5,0.699772497734611
63,42,0.0,0,1,0.357,0.5,0.5,0.699772497734611
63,43,0.20899111175353996,2,0,0.357,0.5,0.5,0.699772497734611
63,44,0.0,0,1,0.357,0.5,0.5,0.699772497734611
63,45,0.0,0,1,0.357,0.5,0.5,0.699772497734611
63,46,0.0,0,1,0.357,0.5,0.5,0.699772497734611
63,47,0.0,0,1,0.357,0.5,0.5,0.699772497734611
63,48,0.4968785692557945,2,0,0.357,0.5,0.5,0.699772497734611
63,49,0.0,0,1,0.357,0.5,0.5,0.699772497734611
64,0,0.0,0,1,0.357,0.5,0.5,0.699772497734611
64,1,1.8006183299755014,1,0,0.357,0.5,0.5,0.699772497734611
64,2,0.0,0,1,0.357,0.5,0.5,0.699772497734611
64,3,0.0,0,1,0.357,0.5,0.5,0.699772497734611
64,4,0.0,0,1,0.357,0.5,0.5,0.699772497734611
64,5,0.0,0,1,0.357,0.5,0.5,0.699772497734611
64,6,0.867351209236703,1,0,0.357,0.5,0.5,0.699772497734611
64,7,0.0,0,1,0.357,0.5,0.5,0.699772497734611
64,8,0.0,0,1,0.357,0.5,0.5,0.699772497734611
64,9,0.0,0,1,0.357,0.5,0.5,0.699772497734611
64,10,0.5039944315944965,2,0,0.357,0.5,0.5,0.699772497734611
64,11,0.0,0,1,0.357,0.5,0.5,0.699772497734611
64,12,0.0,0,1,0.357,0.5,0.5,0.699772497734611
64,13,0.0,0,1,0.357,0.5,0.5,0.699772497734611
64,14,0.0,0,1,0.357,0.5,0.5,0.699772497734611
64,15,1.585045934022305,1,0,0.357,0.5,0.5,0.699772497734611
64,16,0.0,0,1,0.357,0.5,0.5,0.699772497734611
64,17,0.7631138384853071,1,0,0.357,0.5,0.5,0.699772497734611
64,18,0.0,0,1,0.357,0.5,0.5,0.699772497734611
64,19,0.0,0,1,0.357,0.5,0.5,0.699772497734611
64,20,0.0,0,1,0.357,0.5,0.5,0.699772497734611
64,21,0.0,0,1,0.357,0.5,0.5,0.699772497734611
64,22,1.2622240860747116,1,0,0.357,0.5,0.5,0.699772497734611
64,23,0.0,0,1,0.357,0.5,0.5,0.699772497734611
64,24,0.0,0,1,0.357,0.5,0.5,0.699772497734611
64,25,0.0,0,1,0.357,0.5,0.5,0.699772497734611
64,26,0.0,0,1,0.357,0.5,0.5,0.699772497734611
64,27,0.5595300985080477,1,0,0.357,0.5,0.5,0.699772497734611
64,28,0.0,0,1,0.357,0.5,0.5,0.699772497734611
64,29,0.007595646132177411,1,0,0.357,0.5,0.5,0.699772497734611
64,30,0.0,0,1,0.357,0.5,0.5,0.699772497734611
64,31,0.0,0,1,0.357,0.5,0.5,0.699772497734611
64,32,0.0,0,1,0.357,0.5,0.5,0.699772497734611
64,33,0.0,0,1,0.357,0.5,0.5,0.699772497734611
64,34,0.0011919032149488025,1,0,0.357,0.5,0.5,0.699772497734611
64,35,0.07823405352628414,1,0,0.357,0.5,0.5,0.699772497734611
64,36,0.0,0,1,0.357,0.5,0.5,0.699772497734611
64,37,0.0,0,1,0.357,0.5,0.5,0.699772497734611
64,38,0.0,0,1,0.357,0.5,0.5,0.699772497734611
64,39,0.9326316052628764,1,0,0.357,0.5,0.5,0.699772497734611
64,40,0.0,0,1,0.357,0.5,0.5,0.699772497734611
64,41,0.0,0,1,0.357,0.5,0.5,0.699772497734611
64,42,0.0,0,1,0.357,0.5,0.5,0.699772497734611
64,43,0.0,0,1,0.357,0.5,0.5,0.699772497734611
64,44,0.0,0,1,0.357,0.5,0.5,0.699772497734611
64,45,0.0,0,1,0.357,0.5,0.5,0.699772497734611
64,46,0.0,0,1,0.357,0.5,0.5,0.699772497734611
64,47,0.0,0,1,0.357,0.5,0.5,0.699772497734611
64,48,0.0,0,1,0.357,0.5,0.5,0.699772497734611
64,49,0.046213969640807345,1,0,0.357,0.5,0.5,0.699772497734611
65,0,0.0,0,1,0.357,0.5,0.5,0.699772497734611
65,1,0.0,0,1,0.357,0.5,0.5,0.699772497734611
65,2,0.0,0,1,0.357,0.5,0.5,0.699772497734611
65,3,0.0,0,1,0.357,0.5,0.5,0.699772497734611
65,4,0.0,0,1,0.357,0.5,0.5,0.699772497734611
65,5,0.0,0,1,0.357,0.5,0.5,0.699772497734611
65,6,0.0,0,1,0.357,0.5,0.5,0.699772497734611
65,7,0.0,0,1,0.357,0.5,0.5,0.699772497734611
65,8,0.009270096104631559,1,0,0.357,0.5,0.5,0.699772497734611
65,9,0.0,0,1,0.357,0.5,0.5,0.699772497734611
65,10,0.0,0,1,0.357,0.5,0.5,0.699772497734611
65,11,0.0,0,1,0.357,0.5,0.5,0.699772497734611
65,12,0.0,0,1,0.357,0.5,0.5,0.699772497734611
65,13,0.0,0,1,0.357,0.5,0.5,0.699772497734611
65,14,0.0,0,1,0.357,0.5,0.5,0.699772497734611
65,15,0.0,0,1,0.357,0.5,0.5,0.699772497734611
65,16,0.010447980959726128,1,0,0.357,0.5,0.5,0.699772497734611
65,17,0.0,0,1,0.357,0.5,0.5,0.699772497734611
65,18,0.0,0,1,0.357,0.5,0.5,0.699772497734611
65,19,0.0,0,1,0.357,0.5,0.5,0.699772497734611
65,20,2.8098701767802146,1,0,0.357,0.5,0.5,0.699772497734611
65,21,0.2053728963047691,1,0,0.357,0.5,0.5,0.699772497734611
65,22,0.039768481062207685,1,0,0.357,0.5,0.5,0.699772497734611
65,23,0.0,0,1,0.357,0.5,0.5,0.699772497734611
65,24,0.0,0,1,0.357,0.5,0.5,0.699772497734611
65,25,6.036995049180029,3,0,0.357,0.5,0.5,0.699772497734611
65,26,0.0,0,1,0.357,0.5,0.5,0.699772497734611
65,27,0.0,0,1,0.357,0.5,0.5,0.699772497734611
65,28,0.11428423886030536,1,0,0.357,0.5,0.5,0.699772497734611
65,29,0.0,0,1,0.357,0.5,0.5,0.699772497734611
65,30,3.6946211091012793,1,0,0.357,0.5,0.5,0.699772497734611
65,31,0.5913866256957563,1,0,0.357,0.5,0.5,0.699772497734611
65,32,0.0,0,1,0.357,0.5,0.5,0.699772497734611
65,33,0.0,0,1,0.357,0.5,0.5,0.699772497734611
65,34,0.0,0,1,0.357,0.5,0.5,0.699772497734611
65,35,0.0,0,1,0.357,0.5,0.5,0.699772497734611
65,36,0.0,0,1,0.357,0.5,0.5,0.699772497734611
65,37,0.19564755623922564,1,0,0.357,0.5,0.5,0.699772497734611
65,38,0.0,0,1,0.357,0.5,0.5,0.699772497734611
65,39,0.0,0,1,0.357,0.5,0.5,0.699772497734611
65,40,0.0,0,1,0.357,0.5,0.5,0.699772497734611
65,41,0.0,0,1,0.357,0.5,0.5,0.699772497734611
65,42,1.0293495194429922,1,0,0.357,0.5,0.5,0.699772497734611
65,43,0.0,0,1,0.357,0.5,0.5,0.699772497734611
65,44,0.0,0,1,0.357,0.5,0.5,0.699772497734611
65,45,0.0,0,1,0.357,0.5,0.5,0.699772497734611
65,46,2.5194851011483688,1,0,0.357,0.5,0.5,0.699772497734611
65,47,0.0,0,1,0.357,0.5,0.5,0.699772497734611
65,48,0.0,0,1,0.357,0.5,0.5,0.699772497734611
65,49,0.028734667081992002,1,0,0.357,0.5,0.5,0.699772497734611
66,0,0.0,0,1,0.357,0.5,0.5,0.699772497734611
66,1,0.0,0,1,0.357,0.5,0.5,0.699772497734611
66,2,3.1226319461842555,1,0,0.357,0.5,0.5,0.699772497734611
66,3,0.0,0,1,0.357,0.5,0.5,0.699772497734611
66,4,0.0,0,1,0.357,0.5,0.5,0.699772497734611
66,5,0.0,0,1,0.357,0.5,0.5,0.699772497734611
66,6,0.12645604185316983,1,0,0.357,0.5,0.5,0.699772497734611
66,7,0.4623344000195185,1,0,0.357,0.5,0.5,0.699772497734611
66,8,0.713735348715206,1,0,0.357,0.5,0.5,0.699772497734611
66,9,0.011705375334541619,1,0,0.357,0.5,0.5,0.699772497734611
66,10,0.0,0,1,0.357,0.5,0.5,0.699772497734611
66,11,0.0,0,1,0.357,0.5,0.5,0.699772497734611
66,12,0.0,0,1,0.357,0.5,0.5,0.699772497734611
66,13,0.0,0,1,0.357,0.5,0.5,0.699772497734611
66,14,0.0,0,1,0.357,0.5,0.5,0.699772497734611
66,15,1.318651055575807,2,0,0.357,0.5,0.5,0.699772497734611
66,16,0.006152510061436527,1,0,0.357,0.5,0.5,0.699772497734611
66,17,0.0,0,1,0.357,0.5,0.5,0.699772497734611
66,18,5.082254293793153,2,0,0.357,0.5,0.5,0.699772497734611
66,19,0.0,0,1,0.357,0.5,0.5,0.699772497734611
66,20,0.40262062294934203,1,0,0.357,0.5,0.5,0.699772497734611
66,21,0.0,0,1,0.357,0.5,0.5,0.699772497734611
66,22,0.0,0,1,0.357,0.5,0.5,0.699772497734611
66,23,0.0,0,1,0.357,0.5,0.5,0.699772497734611
66,24,3.5347674300581904,1,0,0.357,0.5,0.5,0.699772497734611
66,25,10.213920002498899,1,0,0.357,0.5,0.5,0.699772497734611
66,26,0.005189926303093539,1,0,0.357,0.5,0.5,0.699772497734611
66,27,0.0,0,1,0.357,0.5,0.5,0.699772497734611
66,28,0.0,0,1,0.357,0.5,0.5,0.699772497734611
66,29,0.7569090151805502,1,0,0.357,0.5,0.5,0.699772497734611
66,30,0.0,0,1,0.357,0.5,0.5,0.699772497734611
66,31,0.17168849173920428,1,0,0.357,0.5,0.5,0.699772497734611
66,32,0.0,0,1,0.357,0.5,0.5,0.699772497734611
66,33,0.0,0,1,0.357,0.5,0.5,0.699772497734611
66,34,0.0,0,1,0.357,0.5,0.5,0.699772497734611
66,35,0.0,0,1,0.357,0.5,0.5,0.699772497734611
66,36,0.0,0,1,0.357,0.5,0.5,0.699772497734611
66,37,4.659407556092228,1,0,0.357,0.5,0.5,0.699772497734611
66,38,0.0,0,1,0.357,0.5,0.5,0.699772497734611
66,39,0.0,0,1,0.357,0.5,0.5,0.699772497734611
66,40,0.29286976265662595,1,0,0.357,0.5,0.5,0.699772497734611
66,41,0.0,0,1,0.357,0.5,0.5,0.699772497734611
66,42,0.41263670005622854,1,0,0.357,0.5,0.5,0.699772497734611
66,43,0.0,0,1,0.357,0.5,0.5,0.699772497734611
66,44,0.0,0,1,0.357,0.5,0.5,0.699772497734611
66,45,0.0,0,1,0.357,0.5,0.5,0.699772497734611
66,46,6.9881648223553015,3,0,0.357,0.5,0.5,0.699772497734611
66,47,0.0,0,1,0.357,0.5,0.5,0.699772497734611
66,48,0.0,0,1,0.357,0.5,0.5,0.699772497734611
66,49,0.0,0,1,0.357,0.5,0.5,0.699772497734611
67,0,0.0006239569687430531,1,0,0.357,0.5,0.5,0.699772497734611
67,1,0.0,0,1,0.357,0.5,0.5,0.699772497734611
67,2,0.0,0,1,0.357,0.5,0.5,0.699772497734611
67,3,0.5194234365941455,1,0,0.357,0.5,0.5,0.699772497734611
67,4,0.0,0,1,0.357,0.5,0.5,0.699772497734611
67,5,0.0,0,1,0.357,0.5,0.5,0.699772497734611
67,6,0.0,0,1,0.357,0.5,0.5,0.699772497734611
67,7,0.0,0,1,0.357,0.5,0.5,0.699772497734611
67,8,2.9036777255941413,1,0,0.357,0.5,0.5,0.699772497734611
67,9,0.0,0,1,0.357,0.5,0.5,0.699772497734611
67,10,0.0,0,1,0.357,0.5,0.5,0.699772497734611
67,11,2.6497989348992537,1,0,0.357,0.5,0.5,0.699772497734611
67,12,0.0,0,1,0.357,0.5,0.5,0.699772497734611
67,13,0.0,0,1,0.357,0.5,0.5,0.699772497734611
67,14,1.9484005404146438,2,0,0.357,0.5,0.5,0.699772497734611
67,15,0.0,0,1,0.357,0.5,0.5,0.699772497734611
67,16,1.8778528511307147,2,0,0.357,0.5,0.5,0.699772497734611
67,17,0.11809602612054539,1,0,0.357,0.5,0.5,0.699772497734611
67,18,0.0,0,1,0.357,0.5,0.5,0.699772497734611
67,19,0.0,0,1,0.357,0.5,0.5,0.699772497734611
67,20,2.9590977747416387,2,0,0.357,0.5,0.5,0.699772497734611
67,21,0.014498870584168919,1,0,0.357,0.5,0.5,0.699772497734611
67,22,0.0736454617351197,1,0,0.357,0.5,0.5,0.699772497734611
67,23,0.0,0,1,0.357,0.5,0.5,0.699772497734611
67,24,0.0,0,1,0.357,0.5,0.5,0.699772497734611
67,25,0.0,0,1,0.357,0.5,0.5,0.699772497734611
67,26,0.0,0,1,0.357,0.5,0.5,0.699772497734611
67,27,0.0,0,1,0.357,0.5,0.5,0.699772497734611
67,28,0.005485107985484165,1,0,0.357,0.5,0.5,0.699772497734611
67,29,0.0,0,1,0.357,0.5,0.5,0.699772497734611
67,30,1.2397948093876958,1,0,0.357,0.5,0.5,0.699772497734611
67,31,0.046936536889398396,1,0,0.357,0.5,0.5,0.699772497734611
67,32,0.0,0,1,0.357,0.5,0.5,0.699772497734611
67,33,0.5540529501623558,1,0,0.357,0.5,0.5,0.699772497734611
67,34,0.22246557108175347,1,0,0.357,0.5,0.5,0.699772497734611
67,35,0.0,0,1,0.357,0.5,0.5,0.699772497734611
67,36,0.0,0,1,0.357,0.5,0.5,0.699772497734611
67,37,3.7090828049228084,1,0,0.357,0.5,0.5,0.699772497734611
67,38,0.0,0,1,0.357,0.5,0.5,0.699772497734611
67,39,0.0,0,1,0.357,0.5,0.5,0.699772497734611
67,40,1.634857525198321,2,0,0.357,0.5,0.5,0.699772497734611
67,41,0.0,0,1,0.357,0.5,0.5,0.699772497734611
67,42,0.0,0,1,0.357,0.5,0.5,0.699772497734611
67,43,0.0,0,1,0.357,0.5,0.5,0.699772497734611
67,44,0.0,0,1,0.357,0.5,0.5,0.699772497734611
67,45,0.0,0,1,0.357,0.5,0.5,0.699772497734611
67,46,0.0,0,1,0.357,0.5,0.5,0.699772497734611
67,47,0.5607179641788862,1,0,0.357,0.5,0.5,0.699772497734611
67,48,0.0,0,1,0.357,0.5,0.5,0.699772497734611
67,49,0.09294263291130618,1,0,0.357,0.5,0.5,0.699772497734611
68,0,0.04087533834411884,1,0,0.357,0.5,0.5,0.699772497734611
68,1,0.0,0,1,0.357,0.5,0.5,0.699772497734611
68,2,1.5725821246932445,1,0,0.357,0.5,0.5,0.699772497734611
68,3,1.4795994875449783,1,0,0.357,0.5,0.5,0.699772497734611
68,4,1.2474709810582258,1,0,0.357,0.5,0.5,0.699772497734611
68,5,0.0,0,1,0.357,0.5,0.5,0.699772497734611
68,6,0.0,0,1,0.357,0.5,0.5,0.699772497734611
68,7,0.0,0,1,0.357,0.5,0.5,0.699772497734611
68,8,0.0,0,1,0.357,0.5,0.5,0.699772497734611
68,9,0.0,0,1,0.357,0.5,0.5,0.699772497734611
68,10,0.0,0,1,0.357,0.5,0.5,0.699772497734611
68,11,0.3825179580576254,1,0,0.357,0.5,0.5,0.699772497734611
68,12,0.0,0,1,0.357,0.5,0.5,0.699772497734611
68,13,0.0,0,1,0.357,0.5,0.5,0.699772497734611
68,14,0.0,0,1,0.357,0.5,0.5,0.699772497734611
68,15,0.0,0,1,0.357,0.5,0.5,0.699772497734611
68,16,0.0,0,1,0.357,0.5,0.5,0.699772497734611
68,17,0.0,0,1,0.357,0.5,0.5,0.699772497734611
68,18,0.0,0,1,0.357,0.5,0.5,0.699772497734611
68,19,0.30853251431555617,1,0,0.357,0.5,0.5,0.699772497734611
68,20,0.1817732807134778,1,0,0.357,0.5,0.5,0.699772497734611
68,21,0.0,0,1,0.357,0.5,0.5,0.699772497734611
68,22,0.0,0,1,0.357,0.5,0.5,0.699772497734611
68,23,0.0,0,1,0.357,0.5,0.5,0.699772497734611
68,24,0.0,0,1,0.357,0.5,0.5,0.699772497734611
68,25,0.0,0,1,0.357,0.5,0.5,0.699772497734611
68,26,3.00959019190417,2,0,0.357,0.5,0.5,0.699772497734611
68,27,2.4441124888528014,1,0,0.357,0.5,0.5,0.699772497734611
68,28,0.0,0,1,0.357,0.5,0.5,0.699772497734611
68,29,0.0,0,1,0.357,0.5,0.5,0.699772497734611
68,30,0.0,0,1,0.357,0.5,0.5,0.699772497734611
68,31,0.0,0,1,0.357,0.5,0.5,0.699772497734611
68,32,0.0,0,1,0.357,0.5,0.5,0.699772497734611
68,33,0.0,0,1,0.357,0.5,0.5,0.699772497734611
68,34,0.0,0,1,0.357,0.5,0.5,0.699772497734611
68,35,0.0,0,1,0.357,0.5,0.5,0.699772497734611
68,36,0.019269744729373005,1,0,0.357,0.5,0.5,0.699772497734611
68,37,0.0,0,1,0.357,0.5,0.5,0.699772497734611
68,38,2.1036181010729145,1,0,0.357,0.5,0.5,0.699772497734611
68,39,5.214966384833408,1,0,0.357,0.5,0.5,0.699772497734611
68,40,0.0,0,1,0.357,0.5,0.5,0.699772497734611
68,41,8.047928519907687,1,0,0.357,0.5,0.5,0.699772497734611
68,42,0.0,0,1,0.357,0.5,0.5,0.699772497734611
68,43,0.0,0,1,0.357,0.5,0.5,0.699772497734611
68,44,0.0,0,1,0.357,0.5,0.5,0.699772497734611
68,45,0.0,0,1,0.357,0.5,0.5,0.699772497734611
68,46,0.0,0,1,0.357,0.5,0.5,0.699772497734611
68,47,0.0,0,1,0.357,0.5,0.5,0.699772497734611
68,48,0.0,0,1,0.357,0.5,0.5,0.699772497734611
68,49,0.5548460624368106,1,0,0.357,0.5,0.5,0.699772497734611
69,0,0.0,0,1,0.357,0.5,0.5,0.699772497734611
69,1,0.4791092726846377,1,0,0.357,0.5,0.5,0.699772497734611
69,2,0.0,0,1,0.357,0.5,0.5,0.699772497734611
69,3,0.0006253102529260948,1,0,0.357,0.5,0.5,0.699772497734611
69,4,0.0,0,1,0.357,0.5,0.5,0.699772497734611
69,5,0.0,0,1,0.357,0.5,0.5,0.699772497734611
69,6,0.0,0,1,0.357,0.5,0.5,0.699772497734611
69,7,0.47405503656078357,1,0,0.357,0.5,0.5,0.699772497734611
69,8,0.0,0,1,0.357,0.5,0.5,0.699772497734611
69,9,0.0,0,1,0.357,0.5,0.5,0.699772497734611
69,10,0.0,0,1,0.357,0.5,0.5,0.699772497734611
69,11,0.0,0,1,0.357,0.5,0.5,0.699772497734611
69,12,0.0,0,1,0.357,0.5,0.5,0.699772497734611
69,13,0.06118747274644719,1,0,0.357,0.5,0.5,0.699772497734611
69,14,0.0,0,1,0.357,0.5,0.5,0.699772497734611
69,15,0.01913725218247046,1,0,0.357,0.5,0.5,0.699772497734611
69,16,0.0,0,1,0.357,0.5,0.5,0.699772497734611
69,17,0.0,0,1,0.357,0.5,0.5,0.699772497734611
69,18,0.0,0,1,0.357,0.5,0.5,0.699772497734611
69,19,3.4681241380794297,1,0,0.357,0.5,0.5,0.699772497734611
69,20,0.0,0,1,0.357,0.5,0.5,0.699772497734611
69,21,0.0,0,1,0.357,0.5,0.5,0.699772497734611
69,22,0.0,0,1,0.357,0.5,0.5,0.699772497734611
69,23,0.22073585791273279,1,0,0.357,0.5,0.5,0.699772497734611
69,24,2.8032411382225946,2,0,0.357,0.5,0.5,0.699772497734611
69,25,0.0,0,1,0.357,0.5,0.5,0.699772497734611
69,26,0.0,0,1,0.357,0.5,0.5,0.699772497734611
69,27,0.0,0,1,0.357,0.5,0.5,0.699772497734611
69,28,1.8026695323257662,1,0,0.357,0.5,0.5,0.699772497734611
69,29,0.0,0,1,0.357,0.5,0.5,0.699772497734611
69,30,0.0,0,1,0.357,0.5,0.5,0.699772497734611
69,31,0.0,0,1,0.357,0.5,0.5,0.699772497734611
69,32,0.0,0,1,0.357,0.5,0.5,0.699772497734611
69,33,0.0,0,1,0.357,0.5,0.5,0.699772497734611
69,34,2.208672862958116,1,0,0.357,0.5,0.5,0.699772497734611
69,35,0.0,0,1,0.357,0.5,0.5,0.699772497734611
69,36,0.0,0,1,0.357,0.5,0.5,0.699772497734611
69,37,0.0,0,1,0.357,0.5,0.5,0.699772497734611
69,38,0.0,0,1,0.357,0.5,0.5,0.699772497734611
69,39,0.8321955688399569,1,0,0.357,0.5,0.5,0.699772497734611
69,40,0.0,0,1,0.357,0.5,0.5,0.699772497734611
69,41,4.691764137301328,2,0,0.357,0.5,0.5,0.699772497734611
69,42,0.3802765115335626,1,0,0.357,0.5,0.5,0.699772497734611
69,43,1.3612867965318167,1,0,0.357,0.5,0.5,0.699772497734611
69,44,0.0,0,1,0.357,0.5,0.5,0.699772497734611
69,45,0.0,0,1,0.357,0.5,0.5,0.699772497734611
69,46,0.0,0,1,0.357,0.5,0.5,0.699772497734611
69,47,0.0,0,1,0.357,0.5,0.5,0.699772497734611
69,48,3.533790742296954,1,0,0.357,0.5,0.5,0.699772497734611
69,49,0.0,0,1,0.357,0.5,0.5,0.699772497734611
70,0,0.0,0,1,0.357,0.5,0.5,0.699772497734611
70,1,0.2771504650715219,1,0,0.357,0.5,0.5,0.699772497734611
70,2,0.0,0,1,0.357,0.5,0.5,0.699772497734611
70,3,0.0,0,1,0.357,0.5,0.5,0.699772497734611
70,4,0.0,0,1,0.357,0.5,0.5,0.699772497734611
70,5,0.0,0,1,0.357,0.5,0.5,0.699772497734611
70,6,0.0,0,1,0.357,0.5,0.5,0.699772497734611
70,7,0.0,0,1,0.357,0.5,0.5,0.699772497734611
70,8,1.011760237511247,2,0,0.357,0.5,0.5,0.699772497734611
70,9,0.0,0,1,0.357,0.5,0.5,0.699772497734611
70,10,6.007173971163575,3,0,0.357,0.5,0.5,0.699772497734611
70,11,0.0,0,1,0.357,0.5,0.5,0.699772497734611
70,12,0.7259669285069985,2,0,0.357,0.5,0.5,0.699772497734611
70,13,0.0,0,1,0.357,0.5,0.5,0.699772497734611
70,14,0.0,0,1,0.357,0.5,0.5,0.699772497734611
70,15,3.6566245630630902,1,0,0.357,0.5,0.5,0.699772497734611
70,16,0.5964757366081476,1,0,0.357,0.5,0.5,0.699772497734611
70,17,0.05262724099772932,1,0,0.357,0.5,0.5,0.699772497734611
70,18,0.0,0,1,0.357,0.5,0.5,0.699772497734611
70,19,0.0,0,1,0.357,0.5,0.5,0.699772497734611
70,20,0.0,0,1,0.357,0.5,0.5,0.699772497734611
70,21,0.4505455951832823,1,0,0.357,0.5,0.5,0.699772497734611
70,22,0.0,0,1,0.357,0.5,0.5,0.699772497734611
70,23,0.0,0,1,0.357,0.5,0.5,0.699772497734611
70,24,0.43199553857193757,1,0,0.357,0.5,0.5,0.699772497734611
70,25,10.105032099769,1,0,0.357,0.5,0.5,0.699772497734611
70,26,0.0,0,1,0.357,0.5,0.5,0.699772497734611
70,27,0.0,0,1,0.357,0.5,0.5,0.699772497734611
70,28,0.0,0,1,0.357,0.5,0.5,0.699772497734611
70,29,0.19668491605764463,1,0,0.357,0.5,0.5,0.699772497734611
70,30,0.0,0,1,0.357,0.5,0.5,0.699772497734611
70,31,0.0,0,1,0.357,0.5,0.5,0.699772497734611
70,32,0.0,0,1,0.357,0.5,0.5,0.699772497734611
70,33,0.0,0,1,0.357,0.5,0.5,0.699772497734611
70,34,0.21794525758560473,1,0,0.357,0.5,0.5,0.699772497734611
70,35,0.0,0,1,0.357,0.5,0.5,0.699772497734611
70,36,0.0,0,1,0.357,0.5,0.5,0.699772497734611
70,37,0.0,0,1,0.357,0.5,0.5,0.699772497734611
70,38,8.576380175195812,1,0,0.357,0.5,0.5,0.699772497734611
70,39,0.0,0,1,0.357,0.5,0.5,0.699772497734611
70,40,0.0,0,1,0.357,0.5,0.5,0.699772497734611
70,41,0.15444723065759364,1,0,0.357,0.5,0.5,0.699772497734611
70,42,0.0,0,1,0.357,0.5,0.5,0.699772497734611
70,43,0.0,0,1,0.357,0.5,0.5,0.699772497734611
70,44,0.0,0,1,0.357,0.5,0.5,0.699772497734611
70,45,0.1324983632124428,1,0,0.357,0.5,0.5,0.699772497734611
70,46,0.0,0,1,0.357,0.5,0.5,0.699772497734611
70,47,0.0,0,1,0.357,0.5,0.5,0.699772497734611
70,48,0.0,0,1,0.357,0.5,0.5,0.699772497734611
70,49,0.0,0,1,0.357,0.5,0.5,0.699772497734611
71,0,0.0,0,1,0.357,0.5,0.5,0.699772497734611
71,1,0.0,0,1,0.357,0.5,0.5,0.699772497734611
71,2,0.0,0,1,0.357,0.5,0.5,0.699772497734611
71,3,0.0,0,1,0.357,0.5,0.5,0.699772497734611
71,4,0.0,0,1,0.357,0.5,0.5,0.699772497734611
71,5,0.0,0,1,0.357,0.5,0.5,0.699772497734611
71,6,0.0,0,1,0.357,0.5,0.5,0.699772497734611
71,7,0.0,0,1,0.357,0.5,0.5,0.699772497734611
71,8,0.0,0,1,0.357,0.5,0.5,0.699772497734611
71,9,0.0,0,1,0.357,0.5,0.5,0.699772497734611
71,10,0.6485778664044292,1,0,0.357,0.5,0.5,0.699772497734611
71,11,0.0,0,1,0.357,0.5,0.5,0.699772497734611
71,12,0.0,0,1,0.357,0.5,0.5,0.699772497734611
71,13,0.0,0,1,0.357,0.5,0.5,0.699772497734611
71,14,0.0,0,1,0.357,0.5,0.5,0.699772497734611
71,15,0.0,0,1,0.357,0.5,0.5,0.699772497734611
71,16,0.0,0,1,0.357,0.5,0.5,0.699772497734611
71,17,0.0,0,1,0.357,0.5,0.5,0.699772497734611
71,18,0.0,0,1,0.357,0.5,0.5,0.699772497734611
71,19,1.0355920777653282,1,0,0.357,0.5,0.5,0.699772497734611
71,20,0.0,0,1,0.357,0.5,0.5,0.699772497734611
71,21,0.0,0,1,0.357,0.5,0.5,0.699772497734611
71,22,0.0,0,1,0.357,0.5,0.5,0.699772497734611
71,23,0.0,0,1,0.357,0.5,0.5,0.699772497734611
71,24,0.09111514256370142,1,0,0.357,0.5,0.5,0.699772497734611
71,25,0.0,0,1,0.357,0.5,0.5,0.699772497734611
71,26,0.011526489438318003,1,0,0.357,0.5,0.5,0.699772497734611
71,27,5.462829285443976,1,0,0.357,0.5,0.5,0.699772497734611
71,28,0.0,0,1,0.357,0.5,0.5,0.699772497734611
71,29,0.0,0,1,0.357,0.5,0.5,0.699772497734611
71,30,6.426604929776292,1,0,0.357,0.5,0.5,0.699772497734611
71,31,2.4234356674334694,1,0,0.357,0.5,0.5,0.699772497734611
71,32,0.0,0,1,0.357,0.5,0.5,0.699772497734611
71,33,0.0,0,1,0.357,0.5,0.5,0.699772497734611
71,34,0.0,0,1,0.357,0.5,0.5,0.699772497734611
71,35,0.0,0,1,0.357,0.5,0.5,0.699772497734611
71,36,0.0,0,1,0.357,0.5,0.5,0.699772497734611
71,37,0.0,0,1,0.357,0.5,0.5,0.699772497734611
71,38,1.7163083726586195,1,0,0.357,0.5,0.5,0.699772497734611
71,39,0.2315658461833419,1,0,0.357,0.5,0.5,0.699772497734611
71,40,0.01322978005026788,1,0,0.357,0.5,0.5,0.699772497734611
71,41,0.7164902830812111,1,0,0.357,0.5,0.5,0.699772497734611
71,42,0.0,0,1,0.357,0.5,0.5,0.699772497734611
71,43,0.0,0,1,0.357,0.5,0.5,0.699772497734611
71,44,0.0,0,1,0.357,0.5,0.5,0.699772497734611
71,45,0.0,0,1,0.357,0.5,0.5,0.699772497734611
71,46,0.0,0,1,0.357,0.5,0.5,0.699772497734611
71,47,0.0,0,1,0.357,0.5,0.5,0.699772497734611
71,48,0.0,0,1,0.357,0.5,0.5,0.699772497734611
71,49,0.0,0,1,0.357,0.5,0.5,0.699772497734611
72,0,5.494256815304284,2,0,0.357,0.5,0.5,0.699772497734611
72,1,0.0,0,1,0.357,0.5,0.5,0.699772497734611
72,2,0.0,0,1,0.357,0.5,0.5,0.699772497734611
72,3,0.28273268104612276,1,0,0.357,0.5,0.5,0.699772497734611
72,4,0.26757524090221396,1,0,0.357,0.5,0.5,0.699772497734611
72,5,0.0,0,1,0.357,0.5,0.5,0.699772497734611
72,6,0.0011884933758342516,1,0,0.357,0.5,0.5,0.699772497734611
72,7,1.6221065268635197,1,0,0.357,0.5,0.5,0.699772497734611
72,8,0.0,0,1,0.357,0.5,0.5,0.699772497734611
72,9,0.0,0,1,0.357,0.5,0.5,0.699772497734611
72,10,0.0,0,1,0.357,0.5,0.5,0.699772497734611
72,11,0.0,0,1,0.357,0.5,0.5,0.699772497734611
72,12,0.0,0,1,0.357,0.5,0.5,0.699772497734611
72,13,1.0485862552323983,1,0,0.357,0.5,0.5,0.699772497734611
72,14,0.0,0,1,0.357,0.5,0.5,0.699772497734611
72,15,0.45799760323991895,1,0,0.357,0.5,0.5,0.699772497734611
72,16,0.0,0,1,0.357,0.5,0.5,0.699772497734611
72,17,0.0,0,1,0.357,0.5,0.5,0.699772497734611
72,18,0.0,0,1,0.357,0.5,0.5,0.699772497734611
72,19,0.0,0,1,0.357,0.5,0.5,0.699772497734611
72,20,0.16286124891223594,1,0,0.357,0.5,0.5,0.699772497734611
72,21,0.0,0,1,0.357,0.5,0.5,0.699772497734611
72,22,0.006197146403408901,1,0,0.357,0.5,0.5,0.699772497734611
72,23,3.6320669122238303,2,0,0.357,0.5,0.5,0.699772497734611
72,24,0.008260132330929421,1,0,0.357,0.5,0.5,0.699772497734611
72,25,0.0,0,1,0.357,0.5,0.5,0.699772497734611
72,26,0.0,0,1,0.357,0.5,0.5,0.699772497734611
72,27,0.0,0,1,0.357,0.5,0.5,0.699772497734611
72,28,2.2297974269490215,1,0,0.357,0.5,0.5,0.699772497734611
72,29,0.0,0,1,0.357,0.5,0.5,0.699772497734611
72,30,0.0,0,1,0.357,0.5,0.5,0.699772497734611
72,31,0.42298510192762084,1,0,0.357,0.5,0.5,0.699772497734611
72,32,0.0025158251294169617,1,0,0.357,0.5,0.5,0.699772497734611
72,33,0.0,0,1,0.357,0.5,0.5,0.699772497734611
72,34,1.211119833743874,1,0,0.357,0.5,0.5,0.699772497734611
72,35,0.0,0,1,0.357,0.5,0.5,0.699772497734611
72,36,4.504129634676278,2,0,0.357,0.5,0.5,0.699772497734611
72,37,0.0,0,1,0.357,0.5,0.5,0.699772497734611
72,38,0.0,0,1,0.357,0.5,0.5,0.699772497734611
72,39,0.0,0,1,0.357,0.5,0.5,0.699772497734611
72,40,0.0,0,1,0.357,0.5,0.5,0.699772497734611
72,41,0.5018316107746927,1,0,0.357,0.5,0.5,0.699772497734611
72,42,0.0,0,1,0.357,0.5,0.5,0.699772497734611
72,43,0.03376595656065566,1,0,0.357,0.5,0.5,0.699772497734611
72,44,0.0,0,1,0.357,0.5,0.5,0.699772497734611
72,45,0.0,0,1,0.357,0.5,0.5,0.699772497734611
72,46,0.0,0,1,0.357,0.5,0.5,0.699772497734611
72,47,0.0,0,1,0.357,0.5,0.5,0.699772497734611
72,48,0.0,0,1,0.357,0.5,0.5,0.699772497734611
72,49,0.37169436007464995,2,0,0.357,0.5,0.5,0.699772497734611
73,0,0.0,0,1,0.357,0.5,0.5,0.699772497734611
73,1,0.0,0,1,0.357,0.5,0.5,0.699772497734611
73,2,0.0969236697063795,1,0,0.357,0.5,0.5,0.699772497734611
73,3,0.0,0,1,0.357,0.5,0.5,0.699772497734611
73,4,0.0,0,1,0.357,0.5,0.5,0.699772497734611
73,5,0.0,0,1,0.357,0.5,0.5,0.699772497734611
73,6,0.0,0,1,0.357,0.5,0.5,0.699772497734611
73,7,0.0,0,1,0.357,0.5,0.5,0.699772497734611
73,8,0.0,0,1,0.357,0.5,0.5,0.699772497734611
73,9,0.0,0,1,0.357,0.5,0.5,0.699772497734611
73,10,0.0,0,1,0.357,0.5,0.5,0.699772497734611
73,11,0.0,0,1,0.357,0.5,0.5,0.699772497734611
73,12,0.19364712950363183,1,0,0.357,0.5,0.5,0.699772497734611
73,13,0.0,0,1,0.357,0.5,0.5,0.699772497734611
73,14,0.0,0,1,0.357,0.5,0.5,0.699772497734611
73,15,0.0,0,1,0.357,0.5,0.5,0.699772497734611
73,16,0.0,0,1,0.357,0.5,0.5,0.699772497734611
73,17,2.4667866195018586,2,0,0.357,0.5,0.5,0.699772497734611
73,18,0.4147590980382066,1,0,0.357,0.5,0.5,0.699772497734611
73,19,0.0,0,1,0.357,0.5,0.5,0.699772497734611
73,20,0.0,0,1,0.357,0.5,0.5,0.699772497734611
73,21,0.0,0,1,0.357,0.5,0.5,0.699772497734611
73,22,2.2045409123131736,1,0,0.357,0.5,0.5,0.699772497734611
73,23,0.0,0,1,0.357,0.5,0.5,0.699772497734611
73,24,0.0,0,1,0.357,0.5,0.5,0.699772497734611
73,25,0.0,0,1,0.357,0.5,0.5,0.699772497734611
73,26,0.024598840897029486,1,0,0.357,0.5,0.5,0.699772497734611
73,27,0.0,0,1,0.357,0.5,0.5,0.699772497734611
73,28,0.0,0,1,0.357,0.5,0.5,0.699772497734611
73,29,1.9203362920745695,1,0,0.357,0.5,0.5,0.699772497734611
73,30,0.0,0,1,0.357,0.5,0.5,0.699772497734611
73,31,0.39912753498276027,1,0,0.357,0.5,0.5,0.699772497734611
73,32,0.0,0,1,0.357,0.5,0.5,0.699772497734611
73,33,0.0,0,1,0.357,0.5,0.5,0.699772497734611
73,34,0.7420456747852258,1,0,0.357,0.5,0.5,0.699772497734611
73,35,0.0,0,1,0.357,0.5,0.5,0.699772497734611
73,36,0.0,0,1,0.357,0.5,0.5,0.699772497734611
73,37,0.0023309849741262136,1,0,0.357,0.5,0.5,0.699772497734611
73,38,0.0,0,1,0.357,0.5,0.5,0.699772497734611
73,39,0.0,0,1,0.357,0.5,0.5,0.699772497734611
73,40,0.0,0,1,0.357,0.5,0.5,0.699772497734611
73,41,0.0,0,1,0.357,0.5,0.5,0.699772497734611
73,42,0.0,0,1,0.357,0.5,0.5,0.699772497734611
73,43,0.0,0,1,0.357,0.5,0.5,0.699772497734611
73,44,0.03928586733000835,1,0,0.357,0.5,0.5,0.699772497734611
73,45,0.0,0,1,0.357,0.5,0.5,0.699772497734611
73,46,0.08604984888309046,1,0,0.357,0.5,0.5,0.699772497734611
73,47,0.0,0,1,0.357,0.5,0.5,0.699772497734611
73,48,0.0,0,1,0.357,0.5,0.5,0.699772497734611
73,49,0.0,0,1,0.357,0.5,0.5,0.699772497734611
74,0,0.0,0,1,0.357,0.5,0.5,0.699772497734611
74,1,0.0,0,1,0.357,0.5,0.5,0.699772497734611
74,2,0.0,0,1,0.357,0.5,0.5,0.699772497734611
74,3,0.0,0,1,0.357,0.5,0.5,0.699772497734611
74,4,1.9561993988040722,2,0,0.357,0.5,0.5,0.699772497734611
74,5,0.09716716270827233,1,0,0.357,0.5,0.5,0.699772497734611
74,6,0.0,0,1,0.357,0.5,0.5,0.699772497734611
74,7,0.0,0,1,0.357,0.5,0.5,0.699772497734611
74,8,0.0,0,1,0.357,0.5,0.5,0.699772497734611
74,9,0.0,0,1,0.357,0.5,0.5,0.699772497734611
74,10,2.497975012510378,3,0,0.357,0.5,0.5,0.699772497734611
74,11,1.1332152172063528,1,0,0.357,0.5,0.5,0.699772497734611
74,12,0.21435900391232246,1,0,0.357,0.5,0.5,0.699772497734611
74,13,0.14029411023265115,1,0,0.357,0.5,0.5,0.699772497734611
74,14,0.0,0,1,0.357,0.5,0.5,0.699772497734611
74,15,0.0,0,1,0.357,0.5,0.5,0.699772497734611
74,16,0.662230217093459,1,0,0.357,0.5,0.5,0.699772497734611
74,17,0.0,0,1,0.357,0.5,0.5,0.699772497734611
74,18,0.0,0,1,0.357,0.5,0.5,0.699772497734611
74,19,0.0,0,1,0.357,0.5,0.5,0.699772497734611
74,20,0.0,0,1,0.357,0.5,0.5,0.699772497734611
74,21,0.0,0,1,0.357,0.5,0.5,0.699772497734611
74,22,0.17336619769098263,1,0,0.357,0.5,0.5,0.699772497734611
74,23,0.0,0,1,0.357,0.5,0.5,0.699772497734611
74,24,0.0,0,1,0.357,0.5,0.5,0.699772497734611
74,25,2.4167484477445456,2,0,0.357,0.5,0.5,0.699772497734611
74,26,2.9112277406980835,1,0,0.357,0.5,0.5,0.699772497734611
74,27,0.0,0,1,0.357,0.5,0.5,0.699772497734611
74,28,0.0,0,1,0.357,0.5,0.5,0.699772497734611
74,29,0.0,0,1,0.357,0.5,0.5,0.699772497734611
74,30,0.01403115934433595,1,0,0.357,0.5,0.5,0.699772497734611
74,31,0.0,0,1,0.357,0.5,0.5,0.699772497734611
74,32,0.13198042601139912,1,0,0.357,0.5,0.5,0.699772497734611
74,33,0.0,0,1,0.357,0.5,0.5,0.699772497734611
74,34,0.0,0,1,0.357,0.5,0.5,0.699772497734611
74,35,0.0,0,1,0.357,0.5,0.5,0.699772497734611
74,36,0.0,0,1,0.357,0.5,0.5,0.699772497734611
74,37,0.0,0,1,0.357,0.5,0.5,0.699772497734611
74,38,0.04102077293764393,1,0,0.357,0.5,0.5,0.699772497734611
74,39,0.0,0,1,0.357,0.5,0.5,0.699772497734611
74,40,0.7847108211958688,1,0,0.357,0.5,0.5,0.699772497734611
74,41,2.1747578396749696,1,0,0.357,0.5,0.5,0.699772497734611
74,42,0.0,0,1,0.357,0.5,0.5,0.699772497734611
74,43,0.0,0,1,0.357,0.5,0.5,0.699772497734611
74,44,0.0,0,1,0.357,0.5,0.5,0.699772497734611
74,45,0.6214231134987932,2,0,0.357,0.5,0.5,0.699772497734611
74,46,0.0,0,1,0.357,0.5,0.5,0.699772497734611
74,47,0.417664753261577,2,0,0.357,0.5,0.5,0.699772497734611
74,48,0.0,0,1,0.357,0.5,0.5,0.699772497734611
74,49,0.0,0,1,0.357,0.5,0.5,0.699772497734611
75,0,0.0,0,1,0.357,0.5,0.5,0.699772497734611
75,1,0.0,0,1,0.357,0.5,0.5,0.699772497734611
75,2,0.0,0,1,0.357,0.5,0.5,0.699772497734611
75,3,0.0,0,1,0.357,0.5,0.5,0.699772497734611
75,4,0.14508761267798898,1,0,0.357,0.5,0.5,0.699772497734611
75,5,1.9473075522208083,2,0,0.357,0.5,0.5,0.699772497734611
75,6,0.022407993681821448,1,0,0.357,0.5,0.5,0.699772497734611
75,7,0.0,0,1,0.357,0.5,0.5,0.699772497734611
75,8,0.0,0,1,0.357,0.5,0.5,0.699772497734611
75,9,0.07933879982733123,1,0,0.357,0.5,0.5,0.699772497734611
75,10,0.0,0,1,0.357,0.5,0.5,0.699772497734611
75,11,0.0,0,1,0.357,0.5,0.5,0.699772497734611
75,12,0.0,0,1,0.357,0.5,0.5,0.699772497734611
75,13,0.0,0,1,0.357,0.5,0.5,0.699772497734611
75,14,0.0,0,1,0.357,0.5,0.5,0.699772497734611
75,15,0.0,0,1,0.357,0.5,0.5,0.699772497734611
75,16,0.0,0,1,0.357,0.5,0.5,0.699772497734611
75,17,0.0,0,1,0.357,0.5,0.5,0.699772497734611
75,18,0.0,0,1,0.357,0.5,0.5,0.699772497734611
75,19,0.0,0,1,0.357,0.5,0.5,0.699772497734611
75,20,0.2312382334051395,1,0,0.357,0.5,0.5,0.699772497734611
75,21,0.0,0,1,0.357,0.5,0.5,0.699772497734611
75,22,0.7116648804957302,1,0,0.357,0.5,0.5,0.699772497734611
75,23,0.0,0,1,0.357,0.5,0.5,0.699772497734611
75,24,0.0,0,1,0.357,0.5,0.5,0.699772497734611
75,25,0.0,0,1,0.357,0.5,0.5,0.699772497734611
75,26,0.0,0,1,0.357,0.5,0.5,0.699772497734611
75,27,0.0,0,1,0.357,0.5,0.5,0.699772497734611
75,28,1.739664578958929,2,0,0.357,0.5,0.5,0.699772497734611
75,29,0.0,0,1,0.357,0.5,0.5,0.699772497734611
75,30,0.0,0,1,0.357,0.5,0.5,0.699772497734611
75,31,0.0,0,1,0.357,0.5,0.5,0.699772497734611
75,32,0.0,0,1,0.357,0.5,0.5,0.699772497734611
75,33,0.0,0,1,0.357,0.5,0.5,0.699772497734611
75,34,0.0,0,1,0.357,0.5,0.5,0.699772497734611
75,35,0.0,0,1,0.357,0.5,0.5,0.699772497734611
75,36,0.14571478900819393,1,0,0.357,0.5,0.5,0.699772497734611
75,37,0.0,0,1,0.357,0.5,0.5,0.699772497734611
75,38,0.0,0,1,0.357,0.5,0.5,0.699772497734611
75,39,0.0,0,1,0.357,0.5,0.5,0.699772497734611
75,40,0.301438201472168,1,0,0.357,0.5,0.5,0.699772497734611
75,41,0.0,0,1,0.357,0.5,0.5,0.699772497734611
75,42,5.162536878037169,1,0,0.357,0.5,0.5,0.699772497734611
75,43,3.1797324876575286,1,0,0.357,0.5,0.5,0.699772497734611
75,44,0.0,0,1,0.357,0.5,0.5,0.699772497734611
75,45,0.0,0,1,0.357,0.5,0.5,0.699772497734611
75,46,2.8940643260025998,1,0,0.357,0.5,0.5,0.699772497734611
75,47,0.0,0,1,0.357,0.5,0.5,0.699772497734611
75,48,0.0,0,1,0.357,0.5,0.5,0.699772497734611
75,49,0.25833442476272367,1,0,0.357,0.5,0.5,0.699772497734611
76,0,2.9562000322303965,2,0,0.357,0.5,0.5,0.699772497734611
76,1,0.0,0,1,0.357,0.5,0.5,0.699772497734611
76,2,0.0,0,1,0.357,0.5,0.5,0.699772497734611
76,3,0.0,0,1,0.357,0.5,0.5,0.699772497734611
76,4,0.0,0,1,0.357,0.5,0.5,0.699772497734611
76,5,0.0,0,1,0.357,0.5,0.5,0.699772497734611
76,6,0.0,0,1,0.357,0.5,0.5,0.699772497734611
76,7,0.0,0,1,0.357,0.5,0.5,0.699772497734611
76,8,0.0,0,1,0.357,0.5,0.5,0.699772497734611
76,9,0.0,0,1,0.357,0.5,0.5,0.699772497734611
76,10,0.0,0,1,0.357,0.5,0.5,0.699772497734611
76,11,0.0,0,1,0.357,0.5,0.5,0.699772497734611
76,12,0.0,0,1,0.357,0.5,0.5,0.699772497734611
76,13,0.6410983575246616,1,0,0.357,0.5,0.5,0.699772497734611
76,14,0.04779852446253859,1,0,0.357,0.5,0.5,0.699772497734611
76,15,0.0,0,1,0.357,0.5,0.5,0.699772497734611
76,16,0.0,0,1,0.357,0.5,0.5,0.699772497734611
76,17,0.04278445984482053,1,0,0.357,0.5,0.5,0.699772497734611
76,18,0.0,0,1,0.357,0.5,0.5,0.699772497734611
76,19,0.11992583315241025,1,0,0.357,0.5,0.5,0.699772497734611
76,20,0.0,0,1,0.357,0.5,0.5,0.699772497734611
76,21,0.13485328986891998,1,0,0.357,0.5,0.5,0.699772497734611
76,22,0.10398987769829461,1,0,0.357,0.5,0.5,0.699772497734611
76,23,0.0,0,1,0.357,0.5,0.5,0.699772497734611
76,24,0.0,0,1,0.357,0.5,0.5,0.699772497734611
76,25,0.0,0,1,0.357,0.5,0.5,0.699772497734611
76,26,2.8065703270528153,2,0,0.357,0.5,0.5,0.699772497734611
76,27,0.0,0,1,0.357,0.5,0.5,0.699772497734611
76,28,0.0,0,1,0.357,0.5,0.5,0.699772497734611
76,29,0.0,0,1,0.357,0.5,0.5,0.699772497734611
76,30,0.5630326195368455,1,0,0.357,0.5,0.5,0.699772497734611
76,31,0.0,0,1,0.357,0.5,0.5,0.699772497734611
76,32,0.0,0,1,0.357,0.5,0.5,0.699772497734611
76,33,0.0,0,1,0.357,0.5,0.5,0.699772497734611
76,34,0.0,0,1,0.357,0.5,0.5,0.699772497734611
76,35,0.0,0,1,0.357,0.5,0.5,0.699772497734611
76,36,0.0,0,1,0.357,0.5,0.5,0.699772497734611
76,37,1.0911376823608283,1,0,0.357,0.5,0.5,0.699772497734611
76,38,0.0,0,1,0.357,0.5,0.5,0.699772497734611
76,39,0.0,0,1,0.357,0.5,0.5,0.699772497734611
76,40,0.0,0,1,0.357,0.5,0.5,0.699772497734611
76,41,0.0,0,1,0.357,0.5,0.5,0.699772497734611
76,42,0.0,0,1,0.357,0.5,0.5,0.699772497734611
76,43,0.18975000477459242,1,0,0.357,0.5,0.5,0.699772497734611
76,44,0.0,0,1,0.357,0.5,0.5,0.699772497734611
76,45,3.281314162174956,1,0,0.357,0.5,0.5,0.699772497734611
76,46,4.693717139197668,2,0,0.357,0.5,0.5,0.699772497734611
76,47,0.0,0,1,0.357,0.5,0.5,0.699772497734611
76,48,0.0,0,1,0.357,0.5,0.5,0.699772497734611
76,49,0.0,0,1,0.357,0.5,0.5,0.699772497734611
77,0,0.0,0,1,0.357,0.5,0.5,0.699772497734611
77,1,0.0,0,1,0.357,0.5,0.5,0.699772497734611
77,2,0.0,0,1,0.357,0.5,0.5,0.699772497734611
77,3,1.5249304630981872,1,0,0.357,0.5,0.5,0.699772497734611
77,4,0.0,0,1,0.357,0.5,0.5,0.699772497734611
77,5,0.0,0,1,0.357,0.5,0.5,0.699772497734611
77,6,0.36663160101209646,1,0,0.357,0.5,0.5,0.699772497734611
77,7,0.0011830510415422367,1,0,0.357,0.5,0.5,0.699772497734611
77,8,5.249161562690377,2,0,0.357,0.5,0.5,0.699772497734611
77,9,0.0,0,1,0.357,0.5,0.5,0.699772497734611
77,10,0.0,0,1,0.357,0.5,0.5,0.699772497734611
77,11,0.0,0,1,0.357,0.5,0.5,0.699772497734611
77,12,0.0,0,1,0.357,0.5,0.5,0.699772497734611
77,13,0.0,0,1,0.357,0.5,0.5,0.699772497734611
77,14,0.0,0,1,0.357,0.5,0.5,0.699772497734611
77,15,0.0,0,1,0.357,0.5,0.5,0.699772497734611
77,16,0.0,0,1,0.357,0.5,0.5,0.699772497734611
77,17,0.3086255898452852,1,0,0.357,0.5,0.5,0.699772497734611
77,18,0.0,0,1,0.357,0.5,0.5,0.699772497734611
77,19,0.0,0,1,0.357,0.5,0.5,0.699772497734611
77,20,0.20320903077266347,1,0,0.357,0.5,0.5,0.699772497734611
77,21,0.6908086650553551,1,0,0.357,0.5,0.5,0.699772497734611
77,22,0.08244345094873234,1,0,0.357,0.5,0.5,0.699772497734611
77,23,0.0,0,1,0.357,0.5,0.5,0.699772497734611
77,24,0.0,0,1,0.357,0.5,0.5,0.699772497734611
77,25,0.0,0,1,0.357,0.5,0.5,0.699772497734611
77,26,0.0,0,1,0.357,0.5,0.5,0.699772497734611
77,27,0.0,0,1,0.357,0.5,0.5,0.699772497734611
77,28,2.7346078731473167,1,0,0.357,0.5,0.5,0.699772497734611
77,29,0.2659243350980386,1,0,0.357,0.5,0.5,0.699772497734611
77,30,0.0,0,1,0.357,0.5,0.5,0.699772497734611
77,31,0.6482292662548224,1,0,0.357,0.5,0.5,0.699772497734611
77,32,0.0,0,1,0.357,0.5,0.5,0.699772497734611
77,33,0.0,0,1,0.357,0.5,0.5,0.699772497734611
77,34,0.0,0,1,0.357,0.5,0.5,0.699772497734611
77,35,0.0,0,1,0.357,0.5,0.5,0.699772497734611
77,36,0.0,0,1,0.357,0.5,0.5,0.699772497734611
77,37,0.0,0,1,0.357,0.5,0.5,0.699772497734611
77,38,0.0,0,1,0.357,0.5,0.5,0.699772497734611
77,39,0.5182798497719728,1,0,0.357,0.5,0.5,0.699772497734611
77,40,0.25840843915186307,1,0,0.357,0.5,0.5,0.699772497734611
77,41,1.1448761527006015,1,0,0.357,0.5,0.5,0.699772497734611
77,42,0.0,0,1,0.357,0.5,0.5,0.699772497734611
77,43,0.0,0,1,0.357,0.5,0.5,0.699772497734611
77,44,0.0,0,1,0.357,0.5,0.5,0.699772497734611
77,45,0.0,0,1,0.357,0.5,0.5,0.699772497734611
77,46,0.0,0,1,0.357,0.5,0.5,0.699772497734611
77,47,0.0,0,1,0.357,0.5,0.5,0.699772497734611
77,48,0.0,0,1,0.357,0.5,0.5,0.699772497734611
77,49,0.35203362456521997,1,0,0.357,0.5,0.5,0.699772497734611
78,0,1.7056349712931491,1,0,0.357,0.5,0.5,0.699772497734611
78,1,0.0,0,1,0.357,0.5,0.5,0.699772497734611
78,2,0.6437151129042235,1,0,0.357,0.5,0.5,0.699772497734611
78,3,0.0,0,1,0.357,0.5,0.5,0.699772497734611
78,4,0.0,0,1,0.357,0.5,0.5,0.699772497734611
78,5,0.23364759957143955,1,0,0.357,0.5,0.5,0.699772497734611
78,6,0.0,0,1,0.357,0.5,0.5,0.699772497734611
78,7,0.0,0,1,0.357,0.5,0.5,0.699772497734611
78,8,0.0,0,1,0.357,0.5,0.5,0.699772497734611
78,9,4.469676915385779,1,0,0.357,0.5,0.5,0.699772497734611
78,10,0.0,0,1,0.357,0.5,0.5,0.699772497734611
78,11,0.0,0,1,0.357,0.5,0.5,0.699772497734611
78,12,0.9737565773343586,1,0,0.357,0.5,0.5,0.699772497734611
78,13,0.0,0,1,0.357,0.5,0.5,0.699772497734611
78,14,0.0,0,1,0.357,0.5,0.5,0.699772497734611
78,15,0.0,0,1,0.357,0.5,0.5,0.699772497734611
78,16,0.0,0,1,0.357,0.5,0.5,0.699772497734611
78,17,0.0,0,1,0.357,0.5,0.5,0.699772497734611
78,18,0.0,0,1,0.357,0.5,0.5,0.699772497734611
78,19,0.0,0,1,0.357,0.5,0.5,0.699772497734611
78,20,0.0,0,1,0.357,0.5,0.5,0.699772497734611
78,21,0.034014626275071014,1,0,0.357,0.5,0.5,0.699772497734611
78,22,0.0,0,1,0.357,0.5,0.5,0.699772497734611
78,23,0.0,0,1,0.357,0.5,0.5,0.699772497734611
78,24,0.0,0,1,0.357,0.5,0.5,0.699772497734611
78,25,0.0,0,1,0.357,0.5,0.5,0.699772497734611
78,26,0.0379764400756797,1,0,0.357,0.5,0.5,0.699772497734611
78,27,1.5307043724266995,1,0,0.357,0.5,0.5,0.699772497734611
78,28,0.0,0,1,0.357,0.5,0.5,0.699772497734611
78,29,7.897050021845705,3,0,0.357,0.5,0.5,0.699772497734611
78,30,0.0,0,1,0.357,0.5,0.5,0.699772497734611
78,31,0.0,0,1,0.357,0.5,0.5,0.699772497734611
78,32,0.0,0,1,0.357,0.5,0.5,0.699772497734611
78,33,0.2464525816955189,1,0,0.357,0.5,0.5,0.699772497734611
78,34,0.0,0,1,0.357,0.5,0.5,0.699772497734611
78,35,0.0,0,1,0.357,0.5,0.5,0.699772497734611
78,36,1.2734683008178411,1,0,0.357,0.5,0.5,0.699772497734611
78,37,0.0,0,1,0.357,0.5,0.5,0.699772497734611
78,38,0.0,0,1,0.357,0.5,0.5,0.699772497734611
78,39,0.0,0,1,0.357,0.5,0.5,0.699772497734611
78,40,0.24797014238981824,1,0,0.357,0.5,0.5,0.699772497734611
78,41,0.06551590271349274,1,0,0.357,0.5,0.5,0.699772497734611
78,42,0.49644615073178894,1,0,0.357,0.5,0.5,0.699772497734611
78,43,0.0,0,1,0.357,0.5,0.5,0.699772497734611
78,44,4.69671688895542,1,0,0.357,0.5,0.5,0.699772497734611
78,45,0.028168934036923603,1,0,0.357,0.5,0.5,0.699772497734611
78,46,0.0,0,1,0.357,0.5,0.5,0.699772497734611
78,47,0.0,0,1,0.357,0.5,0.5,0.699772497734611
78,48,6.582621146148851e-05,1,0,0.357,0.5,0.5,0.699772497734611
78,49,1.1050248291580937,1,0,0.357,0.5,0.5,0.699772497734611
79,0,0.0,0,1,0.357,0.5,0.5,0.699772497734611
79,1,0.0,0,1,0.357,0.5,0.5,0.699772497734611
79,2,0.0,0,1,0.357,0.5,0.5,0.699772497734611
79,3,0.0,0,1,0.357,0.5,0.5,0.699772497734611
79,4,0.0,0,1,0.357,0.5,0.5,0.699772497734611
79,5,0.0006400256489745695,1,0,0.357,0.5,0.5,0.699772497734611
79,6,0.0,0,1,0.357,0.5,0.5,0.699772497734611
79,7,0.0,0,1,0.357,0.5,0.5,0.699772497734611
79,8,0.0,0,1,0.357,0.5,0.5,0.699772497734611
79,9,0.091481248878495,1,0,0.357,0.5,0.5,0.699772497734611
79,10,0.0,0,1,0.357,0.5,0.5,0.699772497734611
79,11,0.0,0,1,0.357,0.5,0.5,0.699772497734611
79,12,0.0,0,1,0.357,0.5,0.5,0.699772497734611
79,13,0.0,0,1,0.357,0.5,0.5,0.699772497734611
79,14,0.0,0,1,0.357,0.5,0.5,0.699772497734611
79,15,0.0,0,1,0.357,0.5,0.5,0.699772497734611
79,16,0.0,0,1,0.357,0.5,0.5,0.699772497734611
79,17,0.0,0,1,0.357,0.5,0.5,0.699772497734611
79,18,2.509397713269983,2,0,0.357,0.5,0.5,0.699772497734611
79,19,0.0,0,1,0.357,0.5,0.5,0.699772497734611
79,20,0.0,0,1,0.357,0.5,0.5,0.699772497734611
79,21,0.0,0,1,0.357,0.5,0.5,0.699772497734611
79,22,1.1435105431905235,1,0,0.357,0.5,0.5,0.699772497734611
79,23,0.0,0,1,0.357,0.5,0.5,0.699772497734611
79,24,0.0,0,1,0.357,0.5,0.5,0.699772497734611
79,25,0.06069412823283942,1,0,0.357,0.5,0.5,0.699772497734611
79,26,1.1343237733409532,1,0,0.357,0.5,0.5,0.699772497734611
79,27,0.03398851085560897,1,0,0.357,0.5,0.5,0.699772497734611
79,28,0.0,0,1,0.357,0.5,0.5,0.699772497734611
79,29,0.4081857772159171,1,0,0.357,0.5,0.5,0.699772497734611
79,30,0.0,0,1,0.357,0.5,0.5,0.699772497734611
79,31,0.0,0,1,0.357,0.5,0.5,0.699772497734611
79,32,0.0,0,1,0.357,0.5,0.5,0.699772497734611
79,33,0.0,0,1,0.357,0.5,0.5,0.699772497734611
79,34,0.0,0,1,0.357,0.5,0.5,0.699772497734611
79,35,3.82210119781667,1,0,0.357,0.5,0.5,0.699772497734611
79,36,1.2204329063880226,2,0,0.357,0.5,0.5,0.699772497734611
79,37,0.0,0,1,0.357,0.5,0.5,0.699772497734611
79,38,0.0,0,1,0.357,0.5,0.5,0.699772497734611
79,39,0.0,0,1,0.357,0.5,0.5,0.699772497734611
79,40,0.0,0,1,0.357,0.5,0.5,0.699772497734611
79,41,0.0,0,1,0.357,0.5,0.5,0.699772497734611
79,42,0.0,0,1,0.357,0.5,0.5,0.699772497734611
79,43,0.0,0,1,0.357,0.5,0.5,0.699772497734611
79,44,0.12479216638508092,2,0,0.357,0.5,0.5,0.699772497734611
79,45,0.0,0,1,0.357,0.5,0.5,0.699772497734611
79,46,0.0,0,1,0.357,0.5,0.5,0.699772497734611
79,47,0.0,0,1,0.357,0.5,0.5,0.699772497734611
79,48,1.631710358615133,2,0,0.357,0.5,0.5,0.699772497734611
79,49,0.0,0,1,0.357,0.5,0.5,0.699772497734611
80,0,0.0,0,1,0.357,0.5,0.5,0.699772497734611
80,1,10.929488834040898,2,0,0.357,0.5,0.5,0.699772497734611
80,2,0.0,0,1,0.357,0.5,0.5,0.699772497734611
80,3,0.0,0,1,0.357,0.5,0.5,0.699772497734611
80,4,0.0,0,1,0.357,0.5,0.5,0.699772497734611
80,5,0.8643722307651859,1,0,0.357,0.5,0.5,0.699772497734611
80,6,0.0,0,1,0.357,0.5,0.5,0.699772497734611
80,7,0.0,0,1,0.357,0.5,0.5,0.699772497734611
80,8,0.0,0,1,0.357,0.5,0.5,0.699772497734611
80,9,0.0,0,1,0.357,0.5,0.5,0.699772497734611
80,10,0.004756593395881312,1,0,0.357,0.5,0.5,0.699772497734611
80,11,0.0,0,1,0.357,0.5,0.5,0.699772497734611
80,12,5.66647133668988,1,0,0.357,0.5,0.5,0.699772497734611
80,13,0.979791109363633,2,0,0.357,0.5,0.5,0.699772497734611
80,14,0.15645090549113713,1,0,0.357,0.5,0.5,0.699772497734611
80,15,0.0,0,1,0.357,0.5,0.5,0.699772497734611
80,16,0.0,0,1,0.357,0.5,0.5,0.699772497734611
80,17,0.0,0,1,0.357,0.5,0.5,0.699772497734611
80,18,0.0,0,1,0.357,0.5,0.5,0.699772497734611
80,19,1.3918417432035082,2,0,0.357,0.5,0.5,0.699772497734611
80,20,0.0,0,1,0.357,0.5,0.5,0.699772497734611
80,21,0.0,0,1,0.357,0.5,0.5,0.699772497734611
80,22,0.0,0,1,0.357,0.5,0.5,0.699772497734611
80,23,0.0,0,1,0.357,0.5,0.5,0.699772497734611
80,24,0.0,0,1,0.357,0.5,0.5,0.699772497734611
80,25,0.21832679993325052,1,0,0.357,0.5,0.5,0.699772497734611
80,26,0.0,0,1,0.357,0.5,0.5,0.699772497734611
80,27,1.1094075639768781,1,0,0.357,0.5,0.5,0.699772497734611
80,28,0.2533119653089843,1,0,0.357,0.5,0.5,0.699772497734611
80,29,0.0,0,1,0.357,0.5,0.5,0.699772497734611
80,30,0.0,0,1,0.357,0.5,0.5,0.699772497734611
80,31,5.040300428400871,1,0,0.357,0.5,0.5,0.699772497734611
80,32,0.0,0,1,0.357,0.5,0.5,0.699772497734611
80,33,0.0,0,1,0.357,0.5,0.5,0.699772497734611
80,34,0.0,0,1,0.357,0.5,0.5,0.699772497734611
80,35,4.006638415375277,1,0,0.357,0.5,0.5,0.699772497734611
80,36,0.0,0,1,0.357,0.5,0.5,0.699772497734611
80,37,0.0,0,1,0.357,0.5,0.5,0.699772497734611
80,38,0.5735334359296246,2,0,0.357,0.5,0.5,0.699772497734611
80,39,0.0,0,1,0.357,0.5,0.5,0.699772497734611
80,40,0.08063212963634517,1,0,0.357,0.5,0.5,0.699772497734611
80,41,0.0,0,1,0.357,0.5,0.5,0.699772497734611
80,42,0.0,0,1,0.357,0.5,0.5,0.699772497734611
80,43,0.001080313776551157,1,0,0.357,0.5,0.5,0.699772497734611
80,44,0.0,0,1,0.357,0.5,0.5,0.699772497734611
80,45,0.0,0,1,0.357,0.5,0.5,0.699772497734611
80,46,0.0,0,1,0.357,0.5,0.5,0.699772497734611
80,47,0.0,0,1,0.357,0.5,0.5,0.699772497734611
80,48,2.470997656240208,2,0,0.357,0.5,0.5,0.699772497734611
80,49,0.0,0,1,0.357,0.5,0.5,0.699772497734611
81,0,0.0,0,1,0.357,0.5,0.5,0.699772497734611
81,1,0.0,0,1,0.357,0.5,0.5,0.699772497734611
81,2,0.0,0,1,0.357,0.5,0.5,0.699772497734611
81,3,0.5347168009853526,1,0,0.357,0.5,0.5,0.699772497734611
81,4,0.13179221881824457,1,0,0.357,0.5,0.5,0.699772497734611
81,5,0.7639596959164174,1,0,0.357,0.5,0.5,0.699772497734611
81,6,0.0,0,1,0.357,0.5,0.5,0.699772497734611
81,7,0.0,0,1,0.357,0.5,0.5,0.699772497734611
81,8,0.0,0,1,0.357,0.5,0.5,0.699772497734611
81,9,0.23748549221997126,1,0,0.357,0.5,0.5,0.699772497734611
81,10,0.0,0,1,0.357,0.5,0.5,0.699772497734611
81,11,0.0,0,1,0.357,0.5,0.5,0.699772497734611
81,12,0.0,0,1,0.357,0.5,0.5,0.699772497734611
81,13,0.0,0,1,0.357,0.5,0.5,0.699772497734611
81,14,0.0,0,1,0.357,0.5,0.5,0.699772497734611
81,15,0.0,0,1,0.357,0.5,0.5,0.699772497734611
81,16,0.0,0,1,0.357,0.5,0.5,0.699772497734611
81,17,6.8152062750810725,2,0,0.357,0.5,0.5,0.699772497734611
81,18,0.0,0,1,0.357,0.5,0.5,0.699772497734611
81,19,0.0,0,1,0.357,0.5,0.5,0.699772497734611
81,20,0.0,0,1,0.357,0.5,0.5,0.699772497734611
81,21,0.013195218169498155,1,0,0.357,0.5,0.5,0.699772497734611
81,22,0.0,0,1,0.357,0.5,0.5,0.699772497734611
81,23,0.0,0,1,0.357,0.5,0.5,0.699772497734611
81,24,0.7645347598476016,1,0,0.357,0.5,0.5,0.699772497734611
81,25,0.6430163722778902,1,0,0.357,0.5,0.5,0.699772497734611
81,26,0.0,0,1,0.357,0.5,0.5,0.699772497734611
81,27,0.0,0,1,0.357,0.5,0.5,0.699772497734611
81,28,0.0,0,1,0.357,0.5,0.5,0.699772497734611
81,29,0.0,0,1,0.357,0.5,0.5,0.699772497734611
81,30,0.0,0,1,0.357,0.5,0.5,0.699772497734611
81,31,0.23809557269143775,1,0,0.357,0.5,0.5,0.699772497734611
81,32,0.0,0,1,0.357,0.5,0.5,0.699772497734611
81,33,0.0,0,1,0.357,0.5,0.5,0.699772497734611
81,34,0.0,0,1,0.357,0.5,0.5,0.699772497734611
81,35,0.0,0,1,0.357,0.5,0.5,0.699772497734611
81,36,0.0,0,1,0.357,0.5,0.5,0.699772497734611
81,37,0.029526158587192187,1,0,0.357,0.5,0.5,0.699772497734611
81,38,0.0,0,1,0.357,0.5,0.5,0.699772497734611
81,39,0.0,0,1,0.357,0.5,0.5,0.699772497734611
81,40,0.0,0,1,0.357,0.5,0.5,0.699772497734611
81,41,0.0,0,1,0.357,0.5,0.5,0.699772497734611
81,42,0.0,0,1,0.357,0.5,0.5,0.699772497734611
81,43,0.5028372944623662,2,0,0.357,0.5,0.5,0.699772497734611
81,44,0.0,0,1,0.357,0.5,0.5,0.699772497734611
81,45,0.0,0,1,0.357,0.5,0.5,0.699772497734611
81,46,0.0,0,1,0.357,0.5,0.5,0.699772497734611
81,47,0.0,0,1,0.357,0.5,0.5,0.699772497734611
81,48,0.0,0,1,0.357,0.5,0.5,0.699772497734611
81,49,0.0,0,1,0.357,0.5,0.5,0.699772497734611
82,0,0.0,0,1,0.357,0.5,0.5,0.699772497734611
82,1,0.0,0,1,0.357,0.5,0.5,0.699772497734611
82,2,0.0,0,1,0.357,0.5,0.5,0.699772497734611
82,3,1.2937049378496959,1,0,0.357,0.5,0.5,0.699772497734611
82,4,0.0,0,1,0.357,0.5,0.5,0.699772497734611
82,5,0.0,0,1,0.357,0.5,0.5,0.699772497734611
82,6,1.284811640432586,1,0,0.357,0.5,0.5,0.699772497734611
82,7,0.0,0,1,0.357,0.5,0.5,0.699772497734611
82,8,0.0,0,1,0.357,0.5,0.5,0.699772497734611
82,9,0.952595377691577,2,0,0.357,0.5,0.5,0.699772497734611
82,10,0.0,0,1,0.357,0.5,0.5,0.699772497734611
82,11,0.0,0,1,0.357,0.5,0.5,0.699772497734611
82,12,0.0,0,1,0.357,0.5,0.5,0.699772497734611
82,13,0.0,0,1,0.357,0.5,0.5,0.699772497734611
82,14,0.0,0,1,0.357,0.5,0.5,0.699772497734611
82,15,0.0,0,1,0.357,0.5,0.5,0.699772497734611
82,16,0.18441504779950807,1,0,0.357,0.5,0.5,0.699772497734611
82,17,0.7427539686321323,1,0,0.357,0.5,0.5,0.699772497734611
82,18,0.0,0,1,0.357,0.5,0.5,0.699772497734611
82,19,0.0,0,1,0.357,0.5,0.5,0.699772497734611
82,20,0.8829919170144611,1,0,0.357,0.5,0.5,0.699772497734611
82,21,0.0,0,1,0.357,0.5,0.5,0.699772497734611
82,22,0.2565441697022976,2,0,0.357,0.5,0.5,0.699772497734611
82,23,0.0,0,1,0.357,0.5,0.5,0.699772497734611
82,24,0.0,0,1,0.357,0.5,0.5,0.699772497734611
82,25,0.0,0,1,0.357,0.5,0.5,0.699772497734611
82,26,0.0,0,1,0.357,0.5,0.5,0.699772497734611
82,27,0.0,0,1,0.357,0.5,0.5,0.699772497734611
82,28,2.5846070028094665,1,0,0.357,0.5,0.5,0.699772497734611
82,29,7.7539702057183595,1,0,0.357,0.5,0.5,0.699772497734611
82,30,0.0,0,1,0.357,0.5,0.5,0.699772497734611
82,31,0.0,0,1,0.357,0.5,0.5,0.699772497734611
82,32,0.0,0,1,0.357,0.5,0.5,0.699772497734611
82,33,0.0,0,1,0.357,0.5,0.5,0.699772497734611
82,34,0.0,0,1,0.357,0.5,0.5,0.699772497734611
82,35,0.0,0,1,0.357,0.5,0.5,0.699772497734611
82,36,0.0,0,1,0.357,0.5,0.5,0.699772497734611
82,37,0.0,0,1,0.357,0.5,0.5,0.699772497734611
82,38,0.0,0,1,0.357,0.5,0.5,0.699772497734611
82,39,0.0,0,1,0.357,0.5,0.5,0.699772497734611
82,40,0.2990829023561352,1,0,0.357,0.5,0.5,0.699772497734611
82,41,0.0,0,1,0.357,0.5,0.5,0.699772497734611
82,42,0.0,0,1,0.357,0.5,0.5,0.699772497734611
82,43,0.0,0,1,0.357,0.5,0.5,0.699772497734611
82,44,1.38348389027713,1,0,0.357,0.5,0.5,0.699772497734611
82,45,0.0,0,1,0.357,0.5,0.5,0.699772497734611
82,46,0.0,0,1,0.357,0.5,0.5,0.699772497734611
82,47,0.022375603857017902,1,0,0.357,0.5,0.5,0.699772497734611
82,48,0.0,0,1,0.357,0.5,0.5,0.699772497734611
82,49,0.0,0,1,0.357,0.5,0.5,0.699772497734611
83,0,0.27465173798600284,1,0,0.357,0.5,0.5,0.699772497734611
83,1,0.0,0,1,0.357,0.5,0.5,0.699772497734611
83,2,0.0,0,1,0.357,0.5,0.5,0.699772497734611
83,3,0.0,0,1,0.357,0.5,0.5,0.699772497734611
83,4,0.0545754828949083,1,0,0.357,0.5,0.5,0.699772497734611
83,5,0.03320332480321788,1,0,0.357,0.5,0.5,0.699772497734611
83,6,0.0,0,1,0.357,0.5,0.5,0.699772497734611
83,7,0.0,0,1,0.357,0.5,0.5,0.699772497734611
83,8,0.0,0,1,0.357,0.5,0.5,0.699772497734611
83,9,4.249968795523353,1,0,0.357,0.5,0.5,0.699772497734611
83,10,0.6431178671899498,1,0,0.357,0.5,0.5,0.699772497734611
83,11,0.9724512544596794,3,0,0.357,0.5,0.5,0.699772497734611
83,12,0.21624346163866928,1,0,0.357,0.5,0.5,0.699772497734611
83,13,0.0,0,1,0.357,0.5,0.5,0.699772497734611
83,14,0.129156846560269,1,0,0.357,0.5,0.5,0.699772497734611
83,15,0.791321249469027,1,0,0.357,0.5,0.5,0.699772497734611
83,16,0.0,0,1,0.357,0.5,0.5,0.699772497734611
83,17,0.0,0,1,0.357,0.5,0.5,0.699772497734611
83,18,0.5232104249032076,1,0,0.357,0.5,0.5,0.699772497734611
83,19,0.0,0,1,0.357,0.5,0.5,0.699772497734611
83,20,0.0,0,1,0.357,0.5,0.5,0.699772497734611
83,21,0.0,0,1,0.357,0.5,0.5,0.699772497734611
83,22,0.0,0,1,0.357,0.5,0.5,0.699772497734611
83,23,0.0,0,1,0.357,0.5,0.5,0.699772497734611
83,24,0.0,0,1,0.357,0.5,0.5,0.699772497734611
83,25,0.0,0,1,0.357,0.5,0.5,0.699772497734611
83,26,0.0,0,1,0.357,0.5,0.5,0.699772497734611
83,27,0.0,0,1,0.357,0.5,0.5,0.699772497734611
83,28,0.0,0,1,0.357,0.5,0.5,0.699772497734611
83,29,0.021248259521800397,1,0,0.357,0.5,0.5,0.699772497734611
83,30,0.0,0,1,0.357,0.5,0.5,0.699772497734611
83,31,0.15478432429722583,1,0,0.357,0.5,0.5,0.699772497734611
83,32,2.1255347547962136,2,0,0.357,0.5,0.5,0.699772497734611
83,33,2.2712569902360715,1,0,0.357,0.5,0.5,0.699772497734611
83,34,0.0,0,1,0.357,0.5,0.5,0.699772497734611
83,35,0.0,0,1,0.357,0.5,0.5,0.699772497734611
83,36,0.0,0,1,0.357,0.5,0.5,0.699772497734611
83,37,0.0,0,1,0.357,0.5,0.5,0.699772497734611
83,38,0.0,0,1,0.357,0.5,0.5,0.699772497734611
83,39,0.6908373856481317,1,0,0.357,0.5,0.5,0.699772497734611
83,40,0.0,0,1,0.357,0.5,0.5,0.699772497734611
83,41,0.0,0,1,0.357,0.5,0.5,0.699772497734611
83,42,0.0,0,1,0.357,0.5,0.5,0.699772497734611
83,43,0.0,0,1,0.357,0.5,0.5,0.699772497734611
83,44,0.038901716395526136,1,0,0.357,0.5,0.5,0.699772497734611
83,45,0.28340919164624595,1,0,0.357,0.5,0.5,0.699772497734611
83,46,0.0,0,1,0.357,0.5,0.5,0.699772497734611
83,47,0.0,0,1,0.357,0.5,0.5,0.699772497734611
83,48,0.0,0,1,0.357,0.5,0.5,0.699772497734611
83,49,0.35341730843849045,1,0,0.357,0.5,0.5,0.699772497734611
84,0,0.0,0,1,0.357,0.5,0.5,0.699772497734611
84,1,0.0,0,1,0.357,0.5,0.5,0.699772497734611
84,2,2.278625676487688,1,0,0.357,0.5,0.5,0.699772497734611
84,3,0.0,0,1,0.357,0.5,0.5,0.699772497734611
84,4,0.0,0,1,0.357,0.5,0.5,0.699772497734611
84,5,0.07465126782746476,1,0,0.357,0.5,0.5,0.699772497734611
84,6,0.0,0,1,0.357,0.5,0.5,0.699772497734611
84,7,0.0,0,1,0.357,0.5,0.5,0.699772497734611
84,8,1.4586895710316277,1,0,0.357,0.5,0.5,0.699772497734611
84,9,0.1102562362524771,1,0,0.357,0.5,0.5,0.699772497734611
84,10,0.0,0,1,0.357,0.5,0.5,0.699772497734611
84,11,0.0,0,1,0.357,0.5,0.5,0.699772497734611
84,12,0.42079650571728655,1,0,0.357,0.5,0.5,0.699772497734611
84,13,0.0,0,1,0.357,0.5,0.5,0.699772497734611
84,14,0.0,0,1,0.357,0.5,0.5,0.699772497734611
84,15,0.0,0,1,0.357,0.5,0.5,0.699772497734611
84,16,0.0,0,1,0.357,0.5,0.5,0.699772497734611
84,17,0.0,0,1,0.357,0.5,0.5,0.699772497734611
84,18,0.01853422822478007,1,0,0.357,0.5,0.5,0.699772497734611
84,19,0.0,0,1,0.357,0.5,0.5,0.699772497734611
84,20,0.0,0,1,0.357,0.5,0.5,0.699772497734611
84,21,0.0,0,1,0.357,0.5,0.5,0.699772497734611
84,22,0.054630305006443294,1,0,0.357,0.5,0.5,0.699772497734611
84,23,0.8295138878203733,2,0,0.357,0.5,0.5,0.699772497734611
84,24,0.0,0,1,0.357,0.5,0.5,0.699772497734611
84,25,0.0,0,1,0.357,0.5,0.5,0.699772497734611
84,26,1.5092176405458655,1,0,0.357,0.5,0.5,0.699772497734611
84,27,0.0,0,1,0.357,0.5,0.5,0.699772497734611
84,28,0.034641832347417786,1,0,0.357,0.5,0.5,0.699772497734611
84,29,0.0,0,1,0.357,0.5,0.5,0.699772497734611
84,30,0.0,0,1,0.357,0.5,0.5,0.699772497734611
84,31,0.0,0,1,0.357,0.5,0.5,0.699772497734611
84,32,0.0,0,1,0.357,0.5,0.5,0.699772497734611
84,33,0.0,0,1,0.357,0.5,0.5,0.699772497734611
84,34,0.0,0,1,0.357,0.5,0.5,0.699772497734611
84,35,0.0,0,1,0.357,0.5,0.5,0.699772497734611
84,36,0.0,0,1,0.357,0.5,0.5,0.699772497734611
84,37,0.0,0,1,0.357,0.5,0.5,0.699772497734611
84,38,0.0,0,1,0.357,0.5,0.5,0.699772497734611
84,39,0.0,0,1,0.357,0.5,0.5,0.699772497734611
84,40,0.0,0,1,0.357,0.5,0.5,0.699772497734611
84,41,0.0,0,1,0.357,0.5,0.5,0.699772497734611
84,42,0.11570302938274489,1,0,0.357,0.5,0.5,0.699772497734611
84,43,0.0,0,1,0.357,0.5,0.5,0.699772497734611
84,44,0.0,0,1,0.357,0.5,0.5,0.699772497734611
84,45,0.0,0,1,0.357,0.5,0.5,0.699772497734611
84,46,0.889242878991957,1,0,0.357,0.5,0.5,0.699772497734611
84,47,3.7422191666513016,2,0,0.357,0.5,0.5,0.699772497734611
84,48,0.0,0,1,0.357,0.5,0.5,0.699772497734611
84,49,0.0,0,1,0.357,0.5,0.5,0.699772497734611
85,0,0.0,0,1,0.357,0.5,0.5,0.699772497734611
85,1,0.0,0,1,0.357,0.5,0.5,0.699772497734611
85,2,0.0,0,1,0.357,0.5,0.5,0.699772497734611
85,3,0.05699658553092494,2,0,0.357,0.5,0.5,0.699772497734611
85,4,0.0,0,1,0.357,0.5,0.5,0.699772497734611
85,5,0.0,0,1,0.357,0.5,0.5,0.699772497734611
85,6,0.4449918874102276,1,0,0.357,0.5,0.5,0.699772497734611
85,7,3.2045209042207476,1,0,0.357,0.5,0.5,0.699772497734611
85,8,0.0,0,1,0.357,0.5,0.5,0.699772497734611
85,9,0.0,0,1,0.357,0.5,0.5,0.699772497734611
85,10,0.0,0,1,0.357,0.5,0.5,0.699772497734611
85,11,0.0,0,1,0.357,0.5,0.5,0.699772497734611
85,12,0.0006065053065604529,1,0,0.357,0.5,0.5,0.699772497734611
85,13,0.0,0,1,0.357,0.5,0.5,0.699772497734611
85,14,0.0,0,1,0.357,0.5,0.5,0.699772497734611
85,15,0.0,0,1,0.357,0.5,0.5,0.699772497734611
85,16,4.2907315684440785,1,0,0.357,0.5,0.5,0.699772497734611
85,17,0.0,0,1,0.357,0.5,0.5,0.699772497734611
85,18,0.0,0,1,0.357,0.5,0.5,0.699772497734611
85,19,3.2217791920910273,1,0,0.357,0.5,0.5,0.699772497734611
85,20,0.0,0,1,0.357,0.5,0.5,0.699772497734611
85,21,0.009649354485024617,1,0,0.357,0.5,0.5,0.699772497734611
85,22,0.0,0,1,0.357,0.5,0.5,0.699772497734611
85,23,0.0,0,1,0.357,0.5,0.5,0.699772497734611
85,24,0.0,0,1,0.357,0.5,0.5,0.699772497734611
85,25,0.0,0,1,0.357,0.5,0.5,0.699772497734611
85,26,0.0,0,1,0.357,0.5,0.5,0.699772497734611
85,27,0.0,0,1,0.357,0.5,0.5,0.699772497734611
85,28,0.0,0,1,0.357,0.5,0.5,0.699772497734611
85,29,2.7665751255992657,2,0,0.357,0.5,0.5,0.699772497734611
85,30,0.0,0,1,0.357,0.5,0.5,0.699772497734611
85,31,0.0,0,1,0.357,0.5,0.5,0.699772497734611
85,32,0.0,0,1,0.357,0.5,0.5,0.699772497734611
85,33,0.4816403591893308,1,0,0.357,0.5,0.5,0.699772497734611
85,34,0.0,0,1,0.357,0.5,0.5,0.699772497734611
85,35,0.0,0,1,0.357,0.5,0.5,0.699772497734611
85,36,0.0,0,1,0.357,0.5,0.5,0.699772497734611
85,37,0.0005787965289369534,1,0,0.357,0.5,0.5,0.699772497734611
85,38,0.0,0,1,0.357,0.5,0.5,0.699772497734611
85,39,0.0,0,1,0.357,0.5,0.5,0.699772497734611
85,40,0.0,0,1,0.357,0.5,0.5,0.699772497734611
85,41,0.0,0,1,0.357,0.5,0.5,0.699772497734611
85,42,0.0,0,1,0.357,0.5,0.5,0.699772497734611
85,43,0.075789450446896,1,0,0.357,0.5,0.5,0.699772497734611
85,44,0.0,0,1,0.357,0.5,0.5,0.699772497734611
85,45,0.0,0,1,0.357,0.5,0.5,0.699772497734611
85,46,0.6068783311950802,2,0,0.357,0.5,0.5,0.699772497734611
85,47,0.0,0,1,0.357,0.5,0.5,0.699772497734611
85,48,0.0,0,1,0.357,0.5,0.5,0.699772497734611
85,49,0.0,0,1,0.357,0.5,0.5,0.699772497734611
86,0,0.0,0,1,0.357,0.5,0.5,0.699772497734611
86,1,0.0,0,1,0.357,0.5,0.5,0.699772497734611
86,2,0.0,0,1,0.357,0.5,0.5,0.699772497734611
86,3,0.0,0,1,0.357,0.5,0.5,0.699772497734611
86,4,0.0,0,1,0.357,0.5,0.5,0.699772497734611
86,5,0.0,0,1,0.357,0.5,0.5,0.699772497734611
86,6,0.0,0,1,0.357,0.5,0.5,0.699772497734611
86,7,0.0,0,1,0.357,0.5,0.5,0.699772497734611
86,8,0.0,0,1,0.357,0.5,0.5,0.699772497734611
86,9,0.0,0,1,0.357,0.5,0.5,0.699772497734611
86,10,0.245199533498449,1,0,0.357,0.5,0.5,0.699772497734611
86,11,0.1229701630417794,1,0,0.357,0.5,0.5,0.699772497734611
86,12,3.151421284249726,2,0,0.357,0.5,0.5,0.699772497734611
86,13,0.0,0,1,0.357,0.5,0.5,0.699772497734611
86,14,0.0,0,1,0.357,0.5,0.5,0.699772497734611
86,15,0.6861570749924396,1,0,0.357,0.5,0.5,0.699772497734611
86,16,0.0,0,1,0.357,0.5,0.5,0.699772497734611
86,17,0.19337010625713827,1,0,0.357,0.5,0.5,0.699772497734611
86,18,0.0,0,1,0.357,0.5,0.5,0.699772497734611
86,19,0.0,0,1,0.357,0.5,0.5,0.699772497734611
86,20,0.06511876817303025,1,0,0.357,0.5,0.5,0.699772497734611
86,21,0.0,0,1,0.357,0.5,0.5,0.699772497734611
86,22,0.9294942470788669,1,0,0.357,0.5,0.5,0.699772497734611
86,23,0.0,0,1,0.357,0.5,0.5,0.699772497734611
86,24,0.0,0,1,0.357,0.5,0.5,0.699772497734611
86,25,1.272985540919304,1,0,0.357,0.5,0.5,0.699772497734611
86,26,0.0,0,1,0.357,0.5,0.5,0.699772497734611
86,27,0.5568138471931587,1,0,0.357,0.5,0.5,0.699772497734611
86,28,0.13216920291131243,1,0,0.357,0.5,0.5,0.699772497734611
86,29,0.21859746655664714,1,0,0.357,0.5,0.5,0.699772497734611
86,30,0.0,0,1,0.357,0.5,0.5,0.699772497734611
86,31,0.0,0,1,0.357,0.5,0.5,0.699772497734611
86,32,0.0,0,1,0.357,0.5,0.5,0.699772497734611
86,33,0.0,0,1,0.357,0.5,0.5,0.699772497734611
86,34,0.00994550768170288,1,0,0.357,0.5,0.5,0.699772497734611
86,35,0.0,0,1,0.357,0.5,0.5,0.699772497734611
86,36,0.0,0,1,0.357,0.5,0.5,0.699772497734611
86,37,0.0,0,1,0.357,0.5,0.5,0.699772497734611
86,38,2.6489302136465356,2,0,0.357,0.5,0.5,0.699772497734611
86,39,0.24595758630697775,1,0,0.357,0.5,0.5,0.699772497734611
86,40,0.0,0,1,0.357,0.5,0.5,0.699772497734611
86,41,0.0956631597944025,2,0,0.357,0.5,0.5,0.699772497734611
86,42,0.0,0,1,0.357,0.5,0.5,0.699772497734611
86,43,0.5221285603421492,1,0,0.357,0.5,0.5,0.699772497734611
86,44,0.11074193132267682,1,0,0.357,0.5,0.5,0.699772497734611
86,45,4.417618662143328,2,0,0.357,0.5,0.5,0.699772497734611
86,46,0.0,0,1,0.357,0.5,0.5,0.699772497734611
86,47,1.2499110261822124,1,0,0.357,0.5,0.5,0.699772497734611
86,48,0.0,0,1,0.357,0.5,0.5,0.699772497734611
86,49,0.0,0,1,0.357,0.5,0.5,0.699772497734611
87,0,0.18641840400558074,2,0,0.357,0.5,0.5,0.699772497734611
87,1,0.0,0,1,0.357,0.5,0.5,0.699772497734611
87,2,0.0,0,1,0.357,0.5,0.5,0.699772497734611
87,3,0.011317020472223467,1,0,0.357,0.5,0.5,0.699772497734611
87,4,7.231436608458157,1,0,0.357,0.5,0.5,0.699772497734611
87,5,0.0,0,1,0.357,0.5,0.5,0.699772497734611
87,6,0.0,0,1,0.357,0.5,0.5,0.699772497734611
87,7,0.0,0,1,0.357,0.5,0.5,0.699772497734611
87,8,0.0,0,1,0.357,0.5,0.5,0.699772497734611
87,9,0.0,0,1,0.357,0.5,0.5,0.699772497734611
87,10,0.0,0,1,0.357,0.5,0.5,0.699772497734611
87,11,0.0,0,1,0.357,0.5,0.5,0.699772497734611
87,12,0.5836561780544859,2,0,0.357,0.5,0.5,0.699772497734611
87,13,0.0,0,1,0.357,0.5,0.5,0.699772497734611
87,14,0.5831328740662755,1,0,0.357,0.5,0.5,0.699772497734611
87,15,1.357216068807817,1,0,0.357,0.5,0.5,0.699772497734611
87,16,0.7302627132726133,2,0,0.357,0.5,0.5,0.699772497734611
87,17,0.5477547293244421,1,0,0.357,0.5,0.5,0.699772497734611
87,18,0.0005784353658483445,1,0,0.357,0.5,0.5,0.699772497734611
87,19,0.0,0,1,0.357,0.5,0.5,0.699772497734611
87,20,0.0,0,1,0.357,0.5,0.5,0.699772497734611
87,21,0.0,0,1,0.357,0.5,0.5,0.699772497734611
87,22,0.019397475766908274,1,0,0.357,0.5,0.5,0.699772497734611
87,23,0.18584432678513074,1,0,0.357,0.5,0.5,0.699772497734611
87,24,0.0,0,1,0.357,0.5,0.5,0.699772497734611
87,25,0.0,0,1,0.357,0.5,0.5,0.699772497734611
87,26,0.0,0,1,0.357,0.5,0.5,0.699772497734611
87,27,0.00199769584893693,1,0,0.357,0.5,0.5,0.699772497734611
87,28,0.0,0,1,0.357,0.5,0.5,0.699772497734611
87,29,0.0,0,1,0.357,0.5,0.5,0.699772497734611
87,30,0.0,0,1,0.357,0.5,0.5,0.699772497734611
87,31,0.0,0,1,0.357,0.5,0.5,0.699772497734611
87,32,0.3462952218569274,2,0,0.357,0.5,0.5,0.699772497734611
87,33,0.0,0,1,0.357,0.5,0.5,0.699772497734611
87,34,0.9385790171715411,2,0,0.357,0.5,0.5,0.699772497734611
87,35,0.9050823509924386,1,0,0.357,0.5,0.5,0.699772497734611
87,36,0.0,0,1,0.357,0.5,0.5,0.699772497734611
87,37,0.0,0,1,0.357,0.5,0.5,0.699772497734611
87,38,0.05764877952333339,1,0,0.357,0.5,0.5,0.699772497734611
87,39,0.0,0,1,0.357,0.5,0.5,0.699772497734611
87,40,0.0,0,1,0.357,0.5,0.5,0.699772497734611
87,41,0.0,0,1,0.357,0.5,0.5,0.699772497734611
87,42,3.218482814623965e-05,1,0,0.357,0.5,0.5,0.699772497734611
87,43,0.0,0,1,0.357,0.5,0.5,0.699772497734611
87,44,2.4932823530693855,1,0,0.357,0.5,0.5,0.699772497734611
87,45,0.0,0,1,0.357,0.5,0.5,0.699772497734611
87,46,0.24741153707314523,1,0,0.357,0.5,0.5,0.699772497734611
87,47,0.5835199665656338,1,0,0.357,0.5,0.5,0.699772497734611
87,48,0.0,0,1,0.357,0.5,0.5,0.699772497734611
87,49,0.0,0,1,0.357,0.5,0.5,0.699772497734611
88,0,0.0,0,1,0.357,0.5,0.5,0.699772497734611
88,1,0.0,0,1,0.357,0.5,0.5,0.699772497734611
88,2,7.592707745816026,1,0,0.357,0.5,0.5,0.699772497734611
88,3,0.0,0,1,0.357,0.5,0.5,0.699772497734611
88,4,0.0,0,1,0.357,0.5,0.5,0.699772497734611
88,5,0.0,0,1,0.357,0.5,0.5,0.699772497734611
88,6,0.0,0,1,0.357,0.5,0.5,0.699772497734611
88,7,0.43411626164106215,2,0,0.357,0.5,0.5,0.699772497734611
88,8,0.0,0,1,0.357,0.5,0.5,0.699772497734611
88,9,0.0,0,1,0.357,0.5,0.5,0.699772497734611
88,10,0.0,0,1,0.357,0.5,0.5,0.699772497734611
88,11,0.0,0,1,0.357,0.5,0.5,0.699772497734611
88,12,0.0,0,1,0.357,0.5,0.5,0.699772497734611
88,13,0.0,0,1,0.357,0.5,0.5,0.699772497734611
88,14,0.0,0,1,0.357,0.5,0.5,0.699772497734611
88,15,0.0,0,1,0.357,0.5,0.5,0.699772497734611
88,16,0.0,0,1,0.357,0.5,0.5,0.699772497734611
88,17,0.13937534561493492,1,0,0.357,0.5,0.5,0.699772497734611
88,18,0.0,0,1,0.357,0.5,0.5,0.699772497734611
88,19,0.0,0,1,0.357,0.5,0.5,0.699772497734611
88,20,0.0,0,1,0.357,0.5,0.5,0.699772497734611
88,21,3.4238153280617074,2,0,0.357,0.5,0.5,0.699772497734611
88,22,0.0,0,1,0.357,0.5,0.5,0.699772497734611
88,23,0.0,0,1,0.357,0.5,0.5,0.699772497734611
88,24,0.0,0,1,0.357,0.5,0.5,0.699772497734611
88,25,0.0,0,1,0.357,0.5,0.5,0.699772497734611
88,26,0.0,0,1,0.357,0.5,0.5,0.699772497734611
88,27,0.0,0,1,0.357,0.5,0.5,0.699772497734611
88,28,7.553049758723436,1,0,0.357,0.5,0.5,0.699772497734611
88,29,0.0,0,1,0.357,0.5,0.5,0.699772497734611
88,30,0.0,0,1,0.357,0.5,0.5,0.699772497734611
88,31,0.0,0,1,0.357,0.5,0.5,0.699772497734611
88,32,2.8039571282091873,1,0,0.357,0.5,0.5,0.699772497734611
88,33,0.0,0,1,0.357,0.5,0.5,0.699772497734611
88,34,0.0,0,1,0.357,0.5,0.5,0.699772497734611
88,35,4.484198704238958,2,0,0.357,0.5,0.5,0.699772497734611
88,36,0.0,0,1,0.357,0.5,0.5,0.699772497734611
88,37,0.0,0,1,0.357,0.5,0.5,0.699772497734611
88,38,0.17190471822868617,1,0,0.357,0.5,0.5,0.699772497734611
88,39,0.0,0,1,0.357,0.5,0.5,0.699772497734611
88,40,0.3253281518679238,1,0,0.357,0.5,0.5,0.699772497734611
88,41,0.00028359371890972386,1,0,0.357,0.5,0.5,0.699772497734611
88,42,0.0,0,1,0.357,0.5,0.5,0.699772497734611
88,43,1.357863827120585,2,0,0.357,0.5,0.5,0.699772497734611
88,44,1.869487709075693,1,0,0.357,0.5,0.5,0.699772497734611
88,45,0.0,0,1,0.357,0.5,0.5,0.699772497734611
88,46,0.0,0,1,0.357,0.5,0.5,0.699772497734611
88,47,0.0,0,1,0.357,0.5,0.5,0.699772497734611
88,48,0.0,0,1,0.357,0.5,0.5,0.699772497734611
88,49,0.11887376278738894,1,0,0.357,0.5,0.5,0.699772497734611
89,0,0.0,0,1,0.357,0.5,0.5,0.699772497734611
89,1,0.0,0,1,0.357,0.5,0.5,0.699772497734611
89,2,1.4574648694726846,1,0,0.357,0.5,0.5,0.699772497734611
89,3,1.592521260026498,1,0,0.357,0.5,0.5,0.699772497734611
89,4,0.3546675139630234,1,0,0.357,0.5,0.5,0.699772497734611
89,5,0.0,0,1,0.357,0.5,0.5,0.699772497734611
89,6,0.08148957179697795,1,0,0.357,0.5,0.5,0.699772497734611
89,7,0.048934267028295585,1,0,0.357,0.5,0.5,0.699772497734611
89,8,0.0,0,1,0.357,0.5,0.5,0.699772497734611
89,9,2.579301610986383,1,0,0.357,0.5,0.5,0.699772497734611
89,10,0.0,0,1,0.357,0.5,0.5,0.699772497734611
89,11,0.08029560920046765,1,0,0.357,0.5,0.5,0.699772497734611
89,12,0.0,0,1,0.357,0.5,0.5,0.699772497734611
89,13,0.0,0,1,0.357,0.5,0.5,0.699772497734611
89,14,0.0,0,1,0.357,0.5,0.5,0.699772497734611
89,15,0.0,0,1,0.357,0.5,0.5,0.699772497734611
89,16,0.0,0,1,0.357,0.5,0.5,0.699772497734611
89,17,0.0,0,1,0.357,0.5,0.5,0.699772497734611
89,18,2.03702124700876,1,0,0.357,0.5,0.5,0.699772497734611
89,19,0.0,0,1,0.357,0.5,0.5,0.699772497734611
89,20,0.0,0,1,0.357,0.5,0.5,0.699772497734611
89,21,0.0,0,1,0.357,0.5,0.5,0.699772497734611
89,22,3.0911910863363543,1,0,0.357,0.5,0.5,0.699772497734611
89,23,0.0,0,1,0.357,0.5,0.5,0.699772497734611
89,24,0.0,0,1,0.357,0.5,0.5,0.699772497734611
89,25,0.0,0,1,0.357,0.5,0.5,0.699772497734611
89,26,0.0,0,1,0.357,0.5,0.5,0.699772497734611
89,27,0.0,0,1,0.357,0.5,0.5,0.699772497734611
89,28,2.863887694986912,1,0,0.357,0.5,0.5,0.699772497734611
89,29,0.0,0,1,0.357,0.5,0.5,0.699772497734611
89,30,0.0,0,1,0.357,0.5,0.5,0.699772497734611
89,31,0.0,0,1,0.357,0.5,0.5,0.699772497734611
89,32,0.0,0,1,0.357,0.5,0.5,0.699772497734611
89,33,2.4175593910462636,2,0,0.357,0.5,0.5,0.699772497734611
89,34,0.09696162987423929,1,0,0.357,0.5,0.5,0.699772497734611
89,35,0.0,0,1,0.357,0.5,0.5,0.699772497734611
89,36,0.0,0,1,0.357,0.5,0.5,0.699772497734611
89,37,0.32144715258033374,1,0,0.357,0.5,0.5,0.699772497734611
89,38,0.0,0,1,0.357,0.5,0.5,0.699772497734611
89,39,0.0,0,1,0.357,0.5,0.5,0.699772497734611
89,40,0.0,0,1,0.357,0.5,0.5,0.699772497734611
89,41,0.17105945864593933,1,0,0.357,0.5,0.5,0.699772497734611
89,42,0.0,0,1,0.357,0.5,0.5,0.699772497734611
89,43,0.0,0,1,0.357,0.5,0.5,0.699772497734611
89,44,0.9233195037003367,1,0,0.357,0.5,0.5,0.699772497734611
89,45,0.0,0,1,0.357,0.5,0.5,0.699772497734611
89,46,0.0,0,1,0.357,0.5,0.5,0.699772497734611
89,47,2.234863577657175,3,0,0.357,0.5,0.5,0.699772497734611
89,48,4.114955709691896,3,0,0.357,0.5,0.5,0.699772497734611
89,49,0.0,0,1,0.357,0.5,0.5,0.699772497734611
90,0,0.017912403449022295,1,0,0.357,0.5,0.5,0.699772497734611
90,1,0.0,0,1,0.357,0.5,0.5,0.699772497734611
90,2,0.6089275584476297,1,0,0.357,0.5,0.5,0.699772497734611
90,3,0.0,0,1,0.357,0.5,0.5,0.699772497734611
90,4,0.0,0,1,0.357,0.5,0.5,0.699772497734611
90,5,0.0,0,1,0.357,0.5,0.5,0.699772497734611
90,6,0.0,0,1,0.357,0.5,0.5,0.699772497734611
90,7,0.0,0,1,0.357,0.5,0.5,0.699772497734611
90,8,0.0,0,1,0.357,0.5,0.5,0.699772497734611
90,9,0.16988926388630107,1,0,0.357,0.5,0.5,0.699772497734611
90,10,0.0,0,1,0.357,0.5,0.5,0.699772497734611
90,11,0.0,0,1,0.357,0.5,0.5,0.699772497734611
90,12,0.0,0,1,0.357,0.5,0.5,0.699772497734611
90,13,0.0,0,1,0.357,0.5,0.5,0.699772497734611
90,14,0.0,0,1,0.357,0.5,0.5,0.699772497734611
90,15,0.0,0,1,0.357,0.5,0.5,0.699772497734611
90,16,0.0,0,1,0.357,0.5,0.5,0.699772497734611
90,17,0.0,0,1,0.357,0.5,0.5,0.699772497734611
90,18,0.0,0,1,0.357,0.5,0.5,0.699772497734611
90,19,1.118643628974943,2,0,0.357,0.5,0.5,0.699772497734611
90,20,4.307317904314722,2,0,0.357,0.5,0.5,0.699772497734611
90,21,0.0,0,1,0.357,0.5,0.5,0.699772497734611
90,22,0.6935155764568547,1,0,0.357,0.5,0.5,0.699772497734611
90,23,0.0,0,1,0.357,0.5,0.5,0.699772497734611
90,24,0.0,0,1,0.357,0.5,0.5,0.699772497734611
90,25,0.0,0,1,0.357,0.5,0.5,0.699772497734611
90,26,0.9727430331542368,1,0,0.357,0.5,0.5,0.699772497734611
90,27,2.46211858196488,2,0,0.357,0.5,0.5,0.699772497734611
90,28,0.0,0,1,0.357,0.5,0.5,0.699772497734611
90,29,0.0,0,1,0.357,0.5,0.5,0.699772497734611
90,30,0.0,0,1,0.357,0.5,0.5,0.699772497734611
90,31,0.0,0,1,0.357,0.5,0.5,0.699772497734611
90,32,2.7142283121375743,1,0,0.357,0.5,0.5,0.699772497734611
90,33,0.0,0,1,0.357,0.5,0.5,0.699772497734611
90,34,0.22903288839091898,1,0,0.357,0.5,0.5,0.699772497734611
90,35,0.0,0,1,0.357,0.5,0.5,0.699772497734611
90,36,0.0,0,1,0.357,0.5,0.5,0.699772497734611
90,37,0.0,0,1,0.357,0.5,0.5,0.699772497734611
90,38,1.250879316215092,2,0,0.357,0.5,0.5,0.699772497734611
90,39,0.0003852081401344489,1,0,0.357,0.5,0.5,0.699772497734611
90,40,0.0,0,1,0.357,0.5,0.5,0.699772497734611
90,41,0.028603021658251637,1,0,0.357,0.5,0.5,0.699772497734611
90,42,0.0,0,1,0.357,0.5,0.5,0.699772497734611
90,43,0.8766130329466217,1,0,0.357,0.5,0.5,0.699772497734611
90,44,0.23552207528598693,1,0,0.357,0.5,0.5,0.699772497734611
90,45,0.0,0,1,0.357,0.5,0.5,0.699772497734611
90,46,0.0,0,1,0.357,0.5,0.5,0.699772497734611
90,47,0.18513438671799523,1,0,0.357,0.5,0.5,0.699772497734611
90,48,0.0,0,1,0.357,0.5,0.5,0.699772497734611
90,49,0.00047511915472021584,1,0,0.357,0.5,0.5,0.699772497734611
91,0,0.20145711950670217,1,0,0.357,0.5,0.5,0.699772497734611
91,1,0.0,0,1,0.357,0.5,0.5,0.699772497734611
91,2,0.0,0,1,0.357,0.5,0.5,0.699772497734611
91,3,0.0,0,1,0.357,0.5,0.5,0.699772497734611
91,4,0.0,0,1,0.357,0.5,0.5,0.699772497734611
91,5,0.0,0,1,0.357,0.5,0.5,0.699772497734611
91,6,0.0,0,1,0.357,0.5,0.5,0.699772497734611
91,7,0.0,0,1,0.357,0.5,0.5,0.699772497734611
91,8,0.0,0,1,0.357,0.5,0.5,0.699772497734611
91,9,0.0,0,1,0.357,0.5,0.5,0.699772497734611
91,10,0.0,0,1,0.357,0.5,0.5,0.699772497734611
91,11,0.0,0,1,0.357,0.5,0.5,0.699772497734611
91,12,0.881038385836997,1,0,0.357,0.5,0.5,0.699772497734611
91,13,0.0,0,1,0.357,0.5,0.5,0.699772497734611
91,14,0.0,0,1,0.357,0.5,0.5,0.699772497734611
91,15,0.0,0,1,0.357,0.5,0.5,0.699772497734611
91,16,0.0,0,1,0.357,0.5,0.5,0.699772497734611
91,17,0.0,0,1,0.357,0.5,0.5,0.699772497734611
91,18,1.203438808019268,1,0,0.357,0.5,0.5,0.699772497734611
91,19,0.0,0,1,0.357,0.5,0.5,0.699772497734611
91,20,0.0,0,1,0.357,0.5,0.5,0.699772497734611
91,21,0.0,0,1,0.357,0.5,0.5,0.699772497734611
91,22,0.0,0,1,0.357,0.5,0.5,0.699772497734611
91,23,0.0,0,1,0.357,0.5,0.5,0.699772497734611
91,24,0.057365114013601184,1,0,0.357,0.5,0.5,0.699772497734611
91,25,0.0,0,1,0.357,0.5,0.5,0.699772497734611
91,26,0.6730605084813476,1,0,0.357,0.5,0.5,0.699772497734611
91,27,0.0,0,1,0.357,0.5,0.5,0.699772497734611
91,28,0.0,0,1,0.357,0.5,0.5,0.699772497734611
91,29,1.3183310140729219,1,0,0.357,0.5,0.5,0.699772497734611
91,30,0.07738079234166823,1,0,0.357,0.5,0.5,0.699772497734611
91,31,0.0,0,1,0.357,0.5,0.5,0.699772497734611
91,32,0.0,0,1,0.357,0.5,0.5,0.699772497734611
91,33,0.012833393505057173,1,0,0.357,0.5,0.5,0.699772497734611
91,34,0.0,0,1,0.357,0.5,0.5,0.699772497734611
91,35,0.0,0,1,0.357,0.5,0.5,0.699772497734611
91,36,0.32794164453490454,2,0,0.357,0.5,0.5,0.699772497734611
91,37,0.0,0,1,0.357,0.5,0.5,0.699772497734611
91,38,0.0,0,1,0.357,0.5,0.5,0.699772497734611
91,39,0.0,0,1,0.357,0.5,0.5,0.699772497734611
91,40,2.740176879717725,1,0,0.357,0.5,0.5,0.699772497734611
91,41,0.0,0,1,0.357,0.5,0.5,0.699772497734611
91,42,0.00356209865402838,1,0,0.357,0.5,0.5,0.699772497734611
91,43,0.0,0,1,0.357,0.5,0.5,0.699772497734611
91,44,0.0856781915169171,1,0,0.357,0.5,0.5,0.699772497734611
91,45,0.07442847665269392,1,0,0.357,0.5,0.5,0.699772497734611
91,46,0.23858034817796933,2,0,0.357,0.5,0.5,0.699772497734611
91,47,0.0,0,1,0.357,0.5,0.5,0.699772497734611
91,48,0.0,0,1,0.357,0.5,0.5,0.699772497734611
91,49,0.0,0,1,0.357,0.5,0.5,0.699772497734611
92,0,0.0,0,1,0.357,0.5,0.5,0.699772497734611
92,1,0.0,0,1,0.357,0.5,0.5,0.699772497734611
92,2,0.927453227242532,1,0,0.357,0.5,0.5,0.699772497734611
92,3,0.0,0,1,0.357,0.5,0.5,0.699772497734611
92,4,0.39062531746868373,1,0,0.357,0.5,0.5,0.699772497734611
92,5,0.0,0,1,0.357,0.5,0.5,0.699772497734611
92,6,0.0,0,1,0.357,0.5,0.5,0.699772497734611
92,7,0.0,0,1,0.357,0.5,0.5,0.699772497734611
92,8,0.0,0,1,0.357,0.5,0.5,0.699772497734611
92,9,0.5936882633088687,1,0,0.357,0.5,0.5,0.699772497734611
92,10,0.0331182246279535,1,0,0.357,0.5,0.5,0.699772497734611
92,11,5.538683247432112,1,0,0.357,0.5,0.5,0.699772497734611
92,12,0.0,0,1,0.357,0.5,0.5,0.699772497734611
92,13,0.0,0,1,0.357,0.5,0.5,0.699772497734611
92,14,2.0018360714481407,2,0,0.357,0.5,0.5,0.699772497734611
92,15,0.0,0,1,0.357,0.5,0.5,0.699772497734611
92,16,0.0,0,1,0.357,0.5,0.5,0.699772497734611
92,17,0.0,0,1,0.357,0.5,0.5,0.699772497734611
92,18,0.0,0,1,0.357,0.5,0.5,0.699772497734611
92,19,1.0343502713766803,1,0,0.357,0.5,0.5,0.699772497734611
92,20,0.0,0,1,0.357,0.5,0.5,0.699772497734611
92,21,0.0,0,1,0.357,0.5,0.5,0.699772497734611
92,22,0.0,0,1,0.357,0.5,0.5,0.699772497734611
92,23,0.0,0,1,0.357,0.5,0.5,0.699772497734611
92,24,0.0,0,1,0.357,0.5,0.5,0.699772497734611
92,25,0.0,0,1,0.357,0.5,0.5,0.699772497734611
92,26,0.0,0,1,0.357,0.5,0.5,0.699772497734611
92,27,0.5175015125474176,1,0,0.357,0.5,0.5,0.699772497734611
92,28,0.0,0,1,0.357,0.5,0.5,0.699772497734611
92,29,0.0,0,1,0.357,0.5,0.5,0.699772497734611
92,30,0.0,0,1,0.357,0.5,0.5,0.699772497734611
92,31,0.0,0,1,0.357,0.5,0.5,0.699772497734611
92,32,0.1974899753929665,2,0,0.357,0.5,0.5,0.699772497734611
92,33,0.0,0,1,0.357,0.5,0.5,0.699772497734611
92,34,0.0,0,1,0.357,0.5,0.5,0.699772497734611
92,35,0.0,0,1,0.357,0.5,0.5,0.699772497734611
92,36,0.0,0,1,0.357,0.5,0.5,0.699772497734611
92,37,0.0,0,1,0.357,0.5,0.5,0.699772497734611
92,38,0.0,0,1,0.357,0.5,0.5,0.699772497734611
92,39,0.0,0,1,0.357,0.5,0.5,0.699772497734611
92,40,0.0,0,1,0.357,0.5,0.5,0.699772497734611
92,41,0.0,0,1,0.357,0.5,0.5,0.699772497734611
92,42,1.7919669269728393,1,0,0.357,0.5,0.5,0.699772497734611
92,43,0.0,0,1,0.357,0.5,0.5,0.699772497734611
92,44,0.0,0,1,0.357,0.5,0.5,0.699772497734611
92,45,0.0,0,1,0.357,0.5,0.5,0.699772497734611
92,46,0.0,0,1,0.357,0.5,0.5,0.699772497734611
92,47,0.039437354877328135,2,0,0.357,0.5,0.5,0.699772497734611
92,48,0.0,0,1,0.357,0.5,0.5,0.699772497734611
92,49,0.39242783415243,1,0,0.357,0.5,0.5,0.699772497734611
93,0,0.0,0,1,0.357,0.5,0.5,0.699772497734611
93,1,0.0,0,1,0.357,0.5,0.5,0.699772497734611
93,2,2.246593677837017,1,0,0.357,0.5,0.5,0.699772497734611
93,3,0.0,0,1,0.357,0.5,0.5,0.699772497734611
93,4,2.550922224551113,1,0,0.357,0.5,0.5,0.699772497734611
93,5,0.15208834796993234,1,0,0.357,0.5,0.5,0.699772497734611
93,6,1.6867236356874853,1,0,0.357,0.5,0.5,0.699772497734611
93,7,0.0,0,1,0.357,0.5,0.5,0.699772497734611
93,8,0.0,0,1,0.357,0.5,0.5,0.699772497734611
93,9,0.0,0,1,0.357,0.5,0.5,0.699772497734611
93,10,1.1677676777761727,1,0,0.357,0.5,0.5,0.699772497734611
93,11,1.373013770692948,1,0,0.357,0.5,0.5,0.699772497734611
93,12,0.14033602862934602,1,0,0.357,0.5,0.5,0.699772497734611
93,13,0.0,0,1,0.357,0.5,0.5,0.699772497734611
93,14,0.0,0,1,0.357,0.5,0.5,0.699772497734611
93,15,0.0,0,1,0.357,0.5,0.5,0.699772497734611
93,16,0.0,0,1,0.357,0.5,0.5,0.699772497734611
93,17,0.0,0,1,0.357,0.5,0.5,0.699772497734611
93,18,0.0,0,1,0.357,0.5,0.5,0.699772497734611
93,19,7.792520161473586,1,0,0.357,0.5,0.5,0.699772497734611
93,20,0.0,0,1,0.357,0.5,0.5,0.699772497734611
93,21,0.13553264690205738,1,0,0.357,0.5,0.5,0.699772497734611
93,22,0.0,0,1,0.357,0.5,0.5,0.699772497734611
93,23,0.0,0,1,0.357,0.5,0.5,0.699772497734611
93,24,4.409419076876365,2,0,0.357,0.5,0.5,0.699772497734611
93,25,0.21078558171461295,1,0,0.357,0.5,0.5,0.699772497734611
93,26,0.0,0,1,0.357,0.5,0.5,0.699772497734611
93,27,1.2651145328995657,2,0,0.357,0.5,0.5,0.699772497734611
93,28,0.973120701929282,1,0,0.357,0.5,0.5,0.699772497734611
93,29,0.0,0,1,0.357,0.5,0.5,0.699772497734611
93,30,0.00028420681042125783,1,0,0.357,0.5,0.5,0.699772497734611
93,31,0.0,0,1,0.357,0.5,0.5,0.699772497734611
93,32,0.0,0,1,0.357,0.5,0.5,0.699772497734611
93,33,0.59002609603818,1,0,0.357,0.5,0.5,0.699772497734611
93,34,0.24560323973988246,2,0,0.357,0.5,0.5,0.699772497734611
93,35,0.0,0,1,0.357,0.5,0.5,0.699772497734611
93,36,0.0074038657252636355,1,0,0.357,0.5,0.5,0.699772497734611
93,37,0.0,0,1,0.357,0.5,0.5,0.699772497734611
93,38,0.0,0,1,0.357,0.5,0.5,0.699772497734611
93,39,0.0,0,1,0.357,0.5,0.5,0.699772497734611
93,40,0.0,0,1,0.357,0.5,0.5,0.699772497734611
93,41,0.0,0,1,0.357,0.5,0.5,0.699772497734611
93,42,0.4995879966997966,1,0,0.357,0.5,0.5,0.699772497734611
93,43,0.0,0,1,0.357,0.5,0.5,0.699772497734611
93,44,0.0,0,1,0.357,0.5,0.5,0.699772497734611
93,45,0.0,0,1,0.357,0.5,0.5,0.699772497734611
93,46,0.0,0,1,0.357,0.5,0.5,0.699772497734611
93,47,0.0,0,1,0.357,0.5,0.5,0.699772497734611
93,48,1.1845996665318814,1,0,0.357,0.5,0.5,0.699772497734611
93,49,0.0,0,1,0.357,0.5,0.5,0.699772497734611
94,0,0.39998230108192445,1,0,0.357,0.5,0.5,0.699772497734611
94,1,0.0,0,1,0.357,0.5,0.5,0.699772497734611
94,2,0.5025915805481224,1,0,0.357,0.5,0.5,0.699772497734611
94,3,0.9130313718614047,1,0,0.357,0.5,0.5,0.699772497734611
94,4,0.0,0,1,0.357,0.5,0.5,0.699772497734611
94,5,0.0,0,1,0.357,0.5,0.5,0.699772497734611
94,6,0.7304625517280421,1,0,0.357,0.5,0.5,0.699772497734611
94,7,0.0,0,1,0.357,0.5,0.5,0.699772497734611
94,8,0.0,0,1,0.357,0.5,0.5,0.699772497734611
94,9,0.0,0,1,0.357,0.5,0.5,0.699772497734611
94,10,5.137912042524969,3,0,0.357,0.5,0.5,0.699772497734611
94,11,4.874444401968679,1,0,0.357,0.5,0.5,0.699772497734611
94,12,0.0,0,1,0.357,0.5,0.5,0.699772497734611
94,13,0.0,0,1,0.357,0.5,0.5,0.699772497734611
94,14,0.0,0,1,0.357,0.5,0.5,0.699772497734611
94,15,0.0,0,1,0.357,0.5,0.5,0.699772497734611
94,16,0.0,0,1,0.357,0.5,0.5,0.699772497734611
94,17,0.0,0,1,0.357,0.5,0.5,0.699772497734611
94,18,2.059433367749738,3,0,0.357,0.5,0.5,0.699772497734611
94,19,0.0,0,1,0.357,0.5,0.5,0.699772497734611
94,20,0.0,0,1,0.357,0.5,0.5,0.699772497734611
94,21,0.08767506162611936,2,0,0.357,0.5,0.5,0.699772497734611
94,22,0.0,0,1,0.357,0.5,0.5,0.699772497734611
94,23,0.0,0,1,0.357,0.5,0.5,0.699772497734611
94,24,0.0,0,1,0.357,0.5,0.5,0.699772497734611
94,25,0.0,0,1,0.357,0.5,0.5,0.699772497734611
94,26,0.0,0,1,0.357,0.5,0.5,0.699772497734611
94,27,0.0,0,1,0.357,0.5,0.5,0.699772497734611
94,28,1.951332542890386,1,0,0.357,0.5,0.5,0.699772497734611
94,29,0.14629888283151987,1,0,0.357,0.5,0.5,0.699772497734611
94,30,0.0,0,1,0.357,0.5,0.5,0.699772497734611
94,31,0.0,0,1,0.357,0.5,0.5,0.699772497734611
94,32,0.0,0,1,0.357,0.5,0.5,0.699772497734611
94,33,1.1284828210469142,1,0,0.357,0.5,0.5,0.699772497734611
94,34,0.0,0,1,0.357,0.5,0.5,0.699772497734611
94,35,0.0,0,1,0.357,0.5,0.5,0.699772497734611
94,36,4.594740152984512,1,0,0.357,0.5,0.5,0.699772497734611
94,37,0.0,0,1,0.357,0.5,0.5,0.699772497734611
94,38,0.2156551345662479,2,0,0.357,0.5,0.5,0.699772497734611
94,39,0.0,0,1,0.357,0.5,0.5,0.699772497734611
94,40,0.0,0,1,0.357,0.5,0.5,0.699772497734611
94,41,0.0,0,1,0.357,0.5,0.5,0.699772497734611
94,42,0.0,0,1,0.357,0.5,0.5,0.699772497734611
94,43,0.0,0,1,0.357,0.5,0.5,0.699772497734611
94,44,0.0,0,1,0.357,0.5,0.5,0.699772497734611
94,45,0.0,0,1,0.357,0.5,0.5,0.699772497734611
94,46,0.0,0,1,0.357,0.5,0.5,0.699772497734611
94,47,0.0,0,1,0.357,0.5,0.5,0.699772497734611
94,48,0.0,0,1,0.357,0.5,0.5,0.699772497734611
94,49,0.0,0,1,0.357,0.5,0.5,0.699772497734611
95,0,0.0,0,1,0.357,0.5,0.5,0.699772497734611
95,1,0.0,0,1,0.357,0.5,0.5,0.699772497734611
95,2,0.19198742207464342,1,0,0.357,0.5,0.5,0.699772497734611
95,3,1.3087330752844077,1,0,0.357,0.5,0.5,0.699772497734611
95,4,0.0,0,1,0.357,0.5,0.5,0.699772497734611
95,5,0.0,0,1,0.357,0.5,0.5,0.699772497734611
95,6,0.0,0,1,0.357,0.5,0.5,0.699772497734611
95,7,3.504756458786814,1,0,0.357,0.5,0.5,0.699772497734611
95,8,0.0,0,1,0.357,0.5,0.5,0.699772497734611
95,9,0.0,0,1,0.357,0.5,0.5,0.699772497734611
95,10,0.0,0,1,0.357,0.5,0.5,0.699772497734611
95,11,0.0,0,1,0.357,0.5,0.5,0.699772497734611
95,12,0.03056576667781456,1,0,0.357,0.5,0.5,0.699772497734611
95,13,0.28232193135745826,1,0,0.357,0.5,0.5,0.699772497734611
95,14,2.9697784735711634,1,0,0.357,0.5,0.5,0.699772497734611
95,15,0.7104280369225612,1,0,0.357,0.5,0.5,0.699772497734611
95,16,0.0,0,1,0.357,0.5,0.5,0.699772497734611
95,17,2.5038552998444845,2,0,0.357,0.5,0.5,0.699772497734611
95,18,0.0,0,1,0.357,0.5,0.5,0.699772497734611
95,19,0.0,0,1,0.357,0.5,0.5,0.699772497734611
95,20,0.0,0,1,0.357,0.5,0.5,0.699772497734611
95,21,0.14745449083546505,1,0,0.357,0.5,0.5,0.699772497734611
95,22,0.0,0,1,0.357,0.5,0.5,0.699772497734611
95,23,0.08856476441130438,1,0,0.357,0.5,0.5,0.699772497734611
95,24,0.0,0,1,0.357,0.5,0.5,0.699772497734611
95,25,0.0,0,1,0.357,0.5,0.5,0.699772497734611
95,26,0.0,0,1,0.357,0.5,0.5,0.699772497734611
95,27,0.004011366903991361,1,0,0.357,0.5,0.5,0.699772497734611
95,28,0.0,0,1,0.357,0.5,0.5,0.699772497734611
95,29,0.0,0,1,0.357,0.5,0.5,0.699772497734611
95,30,0.0,0,1,0.357,0.5,0.5,0.699772497734611
95,31,0.4241590770770001,2,0,0.357,0.5,0.5,0.699772497734611
95,32,0.7342568370345823,1,0,0.357,0.5,0.5,0.699772497734611
95,33,0.0,0,1,0.357,0.5,0.5,0.699772497734611
95,34,0.0,0,1,0.357,0.5,0.5,0.699772497734611
95,35,0.011177521319854434,1,0,0.357,0.5,0.5,0.699772497734611
95,36,5.730619784017151,1,0,0.357,0.5,0.5,0.699772497734611
95,37,0.0,0,1,0.357,0.5,0.5,0.699772497734611
95,38,0.0,0,1,0.357,0.5,0.5,0.699772497734611
95,39,0.0,0,1,0.357,0.5,0.5,0.699772497734611
95,40,0.0,0,1,0.357,0.5,0.5,0.699772497734611
95,41,2.222016308381936,1,0,0.357,0.5,0.5,0.699772497734611
95,42,0.0726108272228277,1,0,0.357,0.5,0.5,0.699772497734611
95,43,0.0,0,1,0.357,0.5,0.5,0.699772497734611
95,44,0.34348819935721664,1,0,0.357,0.5,0.5,0.699772497734611
95,45,0.0,0,1,0.357,0.5,0.5,0.699772497734611
95,46,0.0,0,1,0.357,0.5,0.5,0.699772497734611
95,47,2.185116397866465,1,0,0.357,0.5,0.5,0.699772497734611
95,48,0.0,0,1,0.357,0.5,0.5,0.699772497734611
95,49,0.0,0,1,0.357,0.5,0.5,0.699772497734611
96,0,0.0,0,1,0.357,0.5,0.5,0.699772497734611
96,1,0.0,0,1,0.357,0.5,0.5,0.699772497734611
96,2,0.0,0,1,0.357,0.5,0.5,0.699772497734611
96,3,0.0006559332360269391,1,0,0.357,0.5,0.5,0.699772497734611
96,4,0.0,0,1,0.357,0.5,0.5,0.699772497734611
96,5,0.751604444282124,2,0,0.357,0.5,0.5,0.699772497734611
96,6,0.0,0,1,0.357,0.5,0.5,0.699772497734611
96,7,0.0,0,1,0.357,0.5,0.5,0.699772497734611
96,8,0.0,0,1,0.357,0.5,0.5,0.699772497734611
96,9,0.43335647589946846,1,0,0.357,0.5,0.5,0.699772497734611
96,10,0.0,0,1,0.357,0.5,0.5,0.699772497734611
96,11,0.08043846507840802,1,0,0.357,0.5,0.5,0.699772497734611
96,12,0.07990574240248667,1,0,0.357,0.5,0.5,0.699772497734611
96,13,0.16581363131557625,1,0,0.357,0.5,0.5,0.699772497734611
96,14,0.0,0,1,0.357,0.5,0.5,0.699772497734611
96,15,0.0,0,1,0.357,0.5,0.5,0.699772497734611
96,16,0.0,0,1,0.357,0.5,0.5,0.699772497734611
96,17,0.0,0,1,0.357,0.5,0.5,0.699772497734611
96,18,0.0,0,1,0.357,0.5,0.5,0.699772497734611
96,19,0.0,0,1,0.357,0.5,0.5,0.699772497734611
96,20,0.0,0,1,0.357,0.5,0.5,0.699772497734611
96,21,0.0,0,1,0.357,0.5,0.5,0.699772497734611
96,22,0.10515631615716457,1,0,0.357,0.5,0.5,0.699772497734611
96,23,0.5609837785126082,1,0,0.357,0.5,0.5,0.699772497734611
96,24,0.8227386691289531,3,0,0.357,0.5,0.5,0.699772497734611
96,25,0.0,0,1,0.357,0.5,0.5,0.699772497734611
96,26,0.0,0,1,0.357,0.5,0.5,0.699772497734611
96,27,0.3514994972823065,1,0,0.357,0.5,0.5,0.699772497734611
96,28,0.0,0,1,0.357,0.5,0.5,0.699772497734611
96,29,0.0,0,1,0.357,0.5,0.5,0.699772497734611
96,30,0.0,0,1,0.357,0.5,0.5,0.699772497734611
96,31,1.125860627198143,1,0,0.357,0.5,0.5,0.699772497734611
96,32,0.0,0,1,0.357,0.5,0.5,0.699772497734611
96,33,0.0,0,1,0.357,0.5,0.5,0.699772497734611
96,34,0.11796563977793248,1,0,0.357,0.5,0.5,0.699772497734611
96,35,0.0,0,1,0.357,0.5,0.5,0.699772497734611
96,36,0.0,0,1,0.357,0.5,0.5,0.699772497734611
96,37,0.0,0,1,0.357,0.5,0.5,0.699772497734611
96,38,0.0,0,1,0.357,0.5,0.5,0.699772497734611
96,39,0.0,0,1,0.357,0.5,0.5,0.699772497734611
96,40,0.0,0,1,0.357,0.5,0.5,0.699772497734611
96,41,0.0,0,1,0.357,0.5,0.5,0.699772497734611
96,42,0.0,0,1,0.357,0.5,0.5,0.699772497734611
96,43,0.0,0,1,0.357,0.5,0.5,0.699772497734611
96,44,0.0,0,1,0.357,0.5,0.5,0.699772497734611
96,45,0.0,0,1,0.357,0.5,0.5,0.699772497734611
96,46,0.0,0,1,0.357,0.5,0.5,0.699772497734611
96,47,0.0,0,1,0.357,0.5,0.5,0.699772497734611
96,48,0.0,0,1,0.357,0.5,0.5,0.699772497734611
96,49,0.0,0,1,0.357,0.5,0.5,0.699772497734611
97,0,0.0,0,1,0.357,0.5,0.5,0.699772497734611
97,1,0.0,0,1,0.357,0.5,0.5,0.699772497734611
97,2,0.0,0,1,0.357,0.5,0.5,0.699772497734611
97,3,0.26238784422313804,2,0,0.357,0.5,0.5,0.699772497734611
97,4,0.0,0,1,0.357,0.5,0.5,0.699772497734611
97,5,0.7994891688908607,2,0,0.357,0.5,0.5,0.699772497734611
97,6,0.0,0,1,0.357,0.5,0.5,0.699772497734611
97,7,0.0,0,1,0.357,0.5,0.5,0.699772497734611
97,8,0.0,0,1,0.357,0.5,0.5,0.699772497734611
97,9,2.591869626151367,1,0,0.357,0.5,0.5,0.699772497734611
97,10,0.0,0,1,0.357,0.5,0.5,0.699772497734611
97,11,1.1697774241502203,2,0,0.357,0.5,0.5,0.699772497734611
97,12,0.5722954363772648,1,0,0.357,0.5,0.5,0.699772497734611
97,13,0.0,0,1,0.357,0.5,0.5,0.699772497734611
97,14,0.0,0,1,0.357,0.5,0.5,0.699772497734611
97,15,0.0,0,1,0.357,0.5,0.5,0.699772497734611
97,16,0.8247245874540841,1,0,0.357,0.5,0.5,0.699772497734611
97,17,0.0,0,1,0.357,0.5,0.5,0.699772497734611
97,18,0.0,0,1,0.357,0.5,0.5,0.699772497734611
97,19,0.0058250205663935295,1,0,0.357,0.5,0.5,0.699772497734611
97,20,0.0,0,1,0.357,0.5,0.5,0.699772497734611
97,21,0.0,0,1,0.357,0.5,0.5,0.699772497734611
97,22,3.9038640815633836,1,0,0.357,0.5,0.5,0.699772497734611
97,23,2.8115999257119078,1,0,0.357,0.5,0.5,0.699772497734611
97,24,0.0,0,1,0.357,0.5,0.5,0.699772497734611
97,25,0.0,0,1,0.357,0.5,0.5,0.699772497734611
97,26,0.0,0,1,0.357,0.5,0.5,0.699772497734611
97,27,0.3577055543689254,1,0,0.357,0.5,0.5,0.699772497734611
97,28,1.285149215208416,1,0,0.357,0.5,0.5,0.699772497734611
97,29,0.0,0,1,0.357,0.5,0.5,0.699772497734611
97,30,0.0,0,1,0.357,0.5,0.5,0.699772497734611
97,31,0.0,0,1,0.357,0.5,0.5,0.699772497734611
97,32,0.0,0,1,0.357,0.5,0.5,0.699772497734611
97,33,0.0,0,1,0.357,0.5,0.5,0.699772497734611
97,34,0.0,0,1,0.357,0.5,0.5,0.699772497734611
97,35,0.0,0,1,0.357,0.5,0.5,0.699772497734611
97,36,0.0,0,1,0.357,0.5,0.5,0.699772497734611
97,37,0.0,0,1,0.357,0.5,0.5,0.699772497734611
97,38,0.0,0,1,0.357,0.5,0.5,0.699772497734611
97,39,0.040007840383126964,1,0,0.357,0.5,0.5,0.699772497734611
97,40,0.0,0,1,0.357,0.5,0.5,0.699772497734611
97,41,0.0,0,1,0.357,0.5,0.5,0.699772497734611
97,42,0.0,0,1,0.357,0.5,0.5,0.699772497734611
97,43,0.0,0,1,0.357,0.5,0.5,0.699772497734611
97,44,0.0,0,1,0.357,0.5,0.5,0.699772497734611
97,45,0.0,0,1,0.357,0.5,0.5,0.699772497734611
97,46,0.0,0,1,0.357,0.5,0.5,0.699772497734611
97,47,0.5436091265525568,1,0,0.357,0.5,0.5,0.699772497734611
97,48,0.3829971086943806,1,0,0.357,0.5,0.5,0.699772497734611
97,49,0.0,0,1,0.357,0.5,0.5,0.699772497734611
98,0,0.0,0,1,0.357,0.5,0.5,0.699772497734611
98,1,0.0,0,1,0.357,0.5,0.5,0.699772497734611
98,2,0.0,0,1,0.357,0.5,0.5,0.699772497734611
98,3,1.1972737866214946,1,0,0.357,0.5,0.5,0.699772497734611
98,4,0.12916472666061907,1,0,0.357,0.5,0.5,0.699772497734611
98,5,0.0,0,1,0.357,0.5,0.5,0.699772497734611
98,6,0.0,0,1,0.357,0.5,0.5,0.699772497734611
98,7,0.3213487280613342,1,0,0.357,0.5,0.5,0.699772497734611
98,8,0.0,0,1,0.357,0.5,0.5,0.699772497734611
98,9,3.598253467474035,1,0,0.357,0.5,0.5,0.699772497734611
98,10,0.0,0,1,0.357,0.5,0.5,0.699772497734611
98,11,0.0,0,1,0.357,0.5,0.5,0.699772497734611
98,12,0.0,0,1,0.357,0.5,0.5,0.699772497734611
98,13,0.0,0,1,0.357,0.5,0.5,0.699772497734611
98,14,0.0,0,1,0.357,0.5,0.5,0.699772497734611
98,15,0.11431810963011353,1,0,0.357,0.5,0.5,0.699772497734611
98,16,0.20357084704539716,1,0,0.357,0.5,0.5,0.699772497734611
98,17,0.32035803588995254,1,0,0.357,0.5,0.5,0.699772497734611
98,18,1.911670367806076e-06,1,0,0.357,0.5,0.5,0.699772497734611
98,19,2.838925917746242,1,0,0.357,0.5,0.5,0.699772497734611
98,20,0.0,0,1,0.357,0.5,0.5,0.699772497734611
98,21,0.7548369386701758,1,0,0.357,0.5,0.5,0.699772497734611
98,22,0.0,0,1,0.357,0.5,0.5,0.699772497734611
98,23,0.0,0,1,0.357,0.5,0.5,0.699772497734611
98,24,0.0,0,1,0.357,0.5,0.5,0.699772497734611
98,25,0.0,0,1,0.357,0.5,0.5,0.699772497734611
98,26,0.0,0,1,0.357,0.5,0.5,0.699772497734611
98,27,0.0016955115912396508,1,0,0.357,0.5,0.5,0.699772497734611
98,28,0.45736815110605533,1,0,0.357,0.5,0.5,0.699772497734611
98,29,1.6734594009645487,1,0,0.357,0.5,0.5,0.699772497734611
98,30,0.36509358635708566,1,0,0.357,0.5,0.5,0.699772497734611
98,31,0.0,0,1,0.357,0.5,0.5,0.699772497734611
98,32,0.0,0,1,0.357,0.5,0.5,0.699772497734611
98,33,0.0,0,1,0.357,0.5,0.5,0.699772497734611
98,34,0.0,0,1,0.357,0.5,0.5,0.699772497734611
98,35,0.0,0,1,0.357,0.5,0.5,0.699772497734611
98,36,0.0,0,1,0.357,0.5,0.5,0.699772497734611
98,37,0.16087680839360932,1,0,0.357,0.5,0.5,0.699772497734611
98,38,0.7370186509159304,1,0,0.357,0.5,0.5,0.699772497734611
98,39,0.0,0,1,0.357,0.5,0.5,0.699772497734611
98,40,0.3650385440789893,1,0,0.357,0.5,0.5,0.699772497734611
98,41,0.0,0,1,0.357,0.5,0.5,0.699772497734611
98,42,0.0,0,1,0.357,0.5,0.5,0.699772497734611
98,43,0.0,0,1,0.357,0.5,0.5,0.699772497734611
98,44,0.0,0,1,0.357,0.5,0.5,0.699772497734611
98,45,0.0,0,1,0.357,0.5,0.5,0.699772497734611
98,46,0.0,0,1,0.357,0.5,0.5,0.699772497734611
98,47,0.12198141849485573,1,0,0.357,0.5,0.5,0.699772497734611
98,48,0.0,0,1,0.357,0.5,0.5,0.699772497734611
98,49,0.0,0,1,0.357,0.5,0.5,0.699772497734611
99,0,0.0,0,1,0.357,0.5,0.5,0.699772497734611
99,1,0.0,0,1,0.357,0.5,0.5,0.699772497734611
99,2,0.0,0,1,0.357,0.5,0.5,0.699772497734611
99,3,0.0,0,1,0.357,0.5,0.5,0.699772497734611
99,4,0.0,0,1,0.357,0.5,0.5,0.699772497734611
99,5,0.0,0,1,0.357,0.5,0.5,0.699772497734611
99,6,0.0,0,1,0.357,0.5,0.5,0.699772497734611
99,7,0.0,0,1,0.357,0.5,0.5,0.699772497734611
99,8,0.0,0,1,0.357,0.5,0.5,0.699772497734611
99,9,0.0,0,1,0.357,0.5,0.5,0.699772497734611
99,10,0.0,0,1,0.357,0.5,0.5,0.699772497734611
99,11,0.0,0,1,0.357,0.5,0.5,0.699772497734611
99,12,0.0,0,1,0.357,0.5,0.5,0.699772497734611
99,13,2.035033464335927,1,0,0.357,0.5,0.5,0.699772497734611
99,14,0.03355491305585478,1,0,0.357,0.5,0.5,0.699772497734611
99,15,0.0,0,1,0.357,0.5,0.5,0.699772497734611
99,16,0.0,0,1,0.357,0.5,0.5,0.699772497734611
99,17,0.47005111194052634,1,0,0.357,0.5,0.5,0.699772497734611
99,18,0.021148484631359123,1,0,0.357,0.5,0.5,0.699772497734611
99,19,0.027859223674505232,1,0,0.357,0.5,0.5,0.699772497734611
99,20,0.0,0,1,0.357,0.5,0.5,0.699772497734611
99,21,0.0,0,1,0.357,0.5,0.5,0.699772497734611
99,22,0.0,0,1,0.357,0.5,0.5,0.699772497734611
99,23,0.8473563306431504,1,0,0.357,0.5,0.5,0.699772497734611
99,24,0.0,0,1,0.357,0.5,0.5,0.699772497734611
99,25,0.0,0,1,0.357,0.5,0.5,0.699772497734611
99,26,0.0,0,1,0.357,0.5,0.5,0.699772497734611
99,27,0.0,0,1,0.357,0.5,0.5,0.699772497734611
99,28,0.0,0,1,0.357,0.5,0.5,0.699772497734611
99,29,0.0,0,1,0.357,0.5,0.5,0.699772497734611
99,30,0.0,0,1,0.357,0.5,0.5,0.699772497734611
99,31,0.0,0,1,0.357,0.5,0.5,0.699772497734611
99,32,0.0,0,1,0.357,0.5,0.5,0.699772497734611
99,33,8.286151062791337,1,0,0.357,0.5,0.5,0.699772497734611
99,34,6.659863326560457,2,0,0.357,0.5,0.5,0.699772497734611
99,35,0.0,0,1,0.357,0.5,0.5,0.699772497734611
99,36,0.0008656386358347969,1,0,0.357,0.5,0.5,0.699772497734611
99,37,2.9963658320393725,1,0,0.357,0.5,0.5,0.699772497734611
99,38,0.0,0,1,0.357,0.5,0.5,0.699772497734611
99,39,0.5129879008437427,1,0,0.357,0.5,0.5,0.699772497734611
99,40,0.0,0,1,0.357,0.5,0.5,0.699772497734611
99,41,0.0,0,1,0.357,0.5,0.5,0.699772497734611
99,42,0.0,0,1,0.357,0.5,0.5,0.699772497734611
99,43,0.34140125879746075,1,0,0.357,0.5,0.5,0.699772497734611
99,44,0.0,0,1,0.357,0.5,0.5,0.699772497734611
99,45,0.0,0,1,0.357,0.5,0.5,0.699772497734611
99,46,0.0,0,1,0.357,0.5,0.5,0.699772497734611
99,47,0.0,0,1,0.357,0.5,0.5,0.699772497734611
99,48,0.049364104456768816,1,0,0.357,0.5,0.5,0.699772497734611
99,49,3.1521516297430607,2,0,0.357,0.5,0.5,0.699772497734611
100,0,2.9085311589627936,1,0,0.357,0.5,0.5,0.699772497734611
100,1,0.0,0,1,0.357,0.5,0.5,0.699772497734611
100,2,0.0,0,1,0.357,0.5,0.5,0.699772497734611
100,3,0.5547958394894138,1,0,0.357,0.5,0.5,0.699772497734611
100,4,0.1836324696488035,1,0,0.357,0.5,0.5,0.699772497734611
100,5,0.0,0,1,0.357,0.5,0.5,0.699772497734611
100,6,0.22330011479686104,1,0,0.357,0.5,0.5,0.699772497734611
100,7,0.0,0,1,0.357,0.5,0.5,0.699772497734611
100,8,0.1626812476083157,1,0,0.357,0.5,0.5,0.699772497734611
100,9,0.0,0,1,0.357,0.5,0.5,0.699772497734611
100,10,0.0,0,1,0.357,0.5,0.5,0.699772497734611
100,11,0.0,0,1,0.357,0.5,0.5,0.699772497734611
100,12,0.5934739083873529,1,0,0.357,0.5,0.5,0.699772497734611
100,13,0.025962939659531753,1,0,0.357,0.5,0.5,0.699772497734611
100,14,0.0,0,1,0.357,0.5,0.5,0.699772497734611
100,15,0.7028879620402841,2,0,0.357,0.5,0.5,0.699772497734611
100,16,0.0,0,1,0.357,0.5,0.5,0.699772497734611
100,17,0.0,0,1,0.357,0.5,0.5,0.699772497734611
100,18,0.0,0,1,0.357,0.5,0.5,0.699772497734611
100,19,0.0,0,1,0.357,0.5,0.5,0.699772497734611
100,20,0.0,0,1,0.357,0.5,0.5,0.699772497734611
100,21,0.0,0,1,0.357,0.5,0.5,0.699772497734611
100,22,0.0006969176771928923,1,0,0.357,0.5,0.5,0.699772497734611
100,23,0.0,0,1,0.357,0.5,0.5,0.699772497734611
100,24,0.0,0,1,0.357,0.5,0.5,0.699772497734611
100,25,0.0,0,1,0.357,0.5,0.5,0.699772497734611
100,26,0.7578112290084288,2,0,0.357,0.5,0.5,0.699772497734611
100,27,0.0,0,1,0.357,0.5,0.5,0.699772497734611
100,28,1.7155016527663403,1,0,0.357,0.5,0.5,0.699772497734611
100,29,0.16322535439623498,1,0,0.357,0.5,0.5,0.699772497734611
100,30,1.3817790265460972,1,0,0.357,0.5,0.5,0.699772497734611
100,31,3.8725320255274442,1,0,0.357,0.5,0.5,0.699772497734611
100,32,0.0,0,1,0.357,0.5,0.5,0.699772497734611
100,33,1.8467550230528755,1,0,0.357,0.5,0.5,0.699772497734611
100,34,1.1540296987719598,1,0,0.357,0.5,0.5,0.699772497734611
100,35,0.0,0,1,0.357,0.5,0.5,0.699772497734611
100,36,0.5255377655277466,1,0,0.357,0.5,0.5,0.699772497734611
100,37,0.0,0,1,0.357,0.5,0.5,0.699772497734611
100,38,0.0,0,1,0.357,0.5,0.5,0.699772497734611
100,39,1.0071603136760605,1,0,0.357,0.5,0.5,0.699772497734611
100,40,0.0,0,1,0.357,0.5,0.5,0.699772497734611
100,41,0.006759721023823018,1,0,0.357,0.5,0.5,0.699772497734611
100,42,0.0,0,1,0.357,0.5,0.5,0.699772497734611
100,43,0.0,0,1,0.357,0.5,0.5,0.699772497734611
100,44,0.13675434900382086,1,0,0.357,0.5,0.5,0.699772497734611
100,45,0.0,0,1,0.357,0.5,0.5,0.699772497734611
100,46,0.10368438858972698,1,0,0.357,0.5,0.5,0.699772497734611
100,47,0.0,0,1,0.357,0.5,0.5,0.699772497734611
100,48,0.0,0,1,0.357,0.5,0.5,0.699772497734611
100,49,0.0,0,1,0.357,0.5,0.5,0.699772497734611
101,0,0.12960947415644397,1,0,0.357,0.5,0.5,0.699772497734611
101,1,2.248634787167371,3,0,0.357,0.5,0.5,0.699772497734611
101,2,0.0,0,1,0.357,0.5,0.5,0.699772497734611
101,3,0.0,0,1,0.357,0.5,0.5,0.699772497734611
101,4,0.3973396694117425,1,0,0.357,0.5,0.5,0.699772497734611
101,5,0.0,0,1,0.357,0.5,0.5,0.699772497734611
101,6,0.0,0,1,0.357,0.5,0.5,0.699772497734611
101,7,0.0,0,1,0.357,0.5,0.5,0.699772497734611
101,8,5.857147155178445,1,0,0.357,0.5,0.5,0.699772497734611
101,9,0.0,0,1,0.357,0.5,0.5,0.699772497734611
101,10,0.0,0,1,0.357,0.5,0.5,0.699772497734611
101,11,0.0,0,1,0.357,0.5,0.5,0.699772497734611
101,12,0.0,0,1,0.357,0.5,0.5,0.699772497734611
101,13,0.0,0,1,0.357,0.5,0.5,0.699772497734611
101,14,0.1543364711733819,1,0,0.357,0.5,0.5,0.699772497734611
101,15,0.0,0,1,0.357,0.5,0.5,0.699772497734611
101,16,0.0,0,1,0.357,0.5,0.5,0.699772497734611
101,17,0.0,0,1,0.357,0.5,0.5,0.699772497734611
101,18,0.0,0,1,0.357,0.5,0.5,0.699772497734611
101,19,0.0,0,1,0.357,0.5,0.5,0.699772497734611
101,20,0.0,0,1,0.357,0.5,0.5,0.699772497734611
101,21,0.0,0,1,0.357,0.5,0.5,0.699772497734611
101,22,0.0,0,1,0.357,0.5,0.5,0.699772497734611
101,23,0.0,0,1,0.357,0.5,0.5,0.699772497734611
101,24,0.0,0,1,0.357,0.5,0.5,0.699772497734611
101,25,0.0,0,1,0.357,0.5,0.5,0.699772497734611
101,26,0.973569872364208,3,0,0.357,0.5,0.5,0.699772497734611
101,27,0.0,0,1,0.357,0.5,0.5,0.699772497734611
101,28,0.0,0,1,0.357,0.5,0.5,0.699772497734611
101,29,0.0,0,1,0.357,0.5,0.5,0.699772497734611
101,30,0.0,0,1,0.357,0.5,0.5,0.699772497734611
101,31,0.0,0,1,0.357,0.5,0.5,0.699772497734611
101,32,0.04599404618378591,1,0,0.357,0.5,0.5,0.699772497734611
101,33,0.0,0,1,0.357,0.5,0.5,0.699772497734611
101,34,0.0,0,1,0.357,0.5,0.5,0.699772497734611
101,35,0.6167288869062711,2,0,0.357,0.5,0.5,0.699772497734611
101,36,0.0,0,1,0.357,0.5,0.5,0.699772497734611
101,37,0.0,0,1,0.357,0.5,0.5,0.699772497734611
101,38,0.0,0,1,0.357,0.5,0.5,0.699772497734611
101,39,0.0,0,1,0.357,0.5,0.5,0.699772497734611
101,40,0.0,0,1,0.357,0.5,0.5,0.699772497734611
101,41,0.0,0,1,0.357,0.5,0.5,0.699772497734611
101,42,0.0,0,1,0.357,0.5,0.5,0.699772497734611
101,43,0.0,0,1,0.357,0.5,0.5,0.699772497734611
101,44,0.0,0,1,0.357,0.5,0.5,0.699772497734611
101,45,3.2179724156727545,1,0,0.357,0.5,0.5,0.699772497734611
101,46,0.0,0,1,0.357,0.5,0.5,0.699772497734611
101,47,0.0,0,1,0.357,0.5,0.5,0.699772497734611
101,48,4.107497029653692,1,0,0.357,0.5,0.5,0.699772497734611
101,49,0.0,0,1,0.357,0.5,0.5,0.699772497734611
102,0,0.0,0,1,0.357,0.5,0.5,0.699772497734611
102,1,0.0,0,1,0.357,0.5,0.5,0.699772497734611
102,2,0.0,0,1,0.357,0.5,0.5,0.699772497734611
102,3,0.0,0,1,0.357,0.5,0.5,0.699772497734611
102,4,0.0,0,1,0.357,0.5,0.5,0.699772497734611
102,5,0.0,0,1,0.357,0.5,0.5,0.699772497734611
102,6,0.360527479028991,1,0,0.357,0.5,0.5,0.699772497734611
102,7,0.0,0,1,0.357,0.5,0.5,0.699772497734611
102,8,0.0,0,1,0.357,0.5,0.5,0.699772497734611
102,9,0.0,0,1,0.357,0.5,0.5,0.699772497734611
102,10,0.10716166913051185,1,0,0.357,0.5,0.5,0.699772497734611
102,11,0.0,0,1,0.357,0.5,0.5,0.699772497734611
102,12,0.0,0,1,0.357,0.5,0.5,0.699772497734611
102,13,0.7655206104375427,2,0,0.357,0.5,0.5,0.699772497734611
102,14,0.0,0,1,0.357,0.5,0.5,0.699772497734611
102,15,3.2015488776670304,1,0,0.357,0.5,0.5,0.699772497734611
102,16,0.0,0,1,0.357,0.5,0.5,0.699772497734611
102,17,0.7991298568139314,1,0,0.357,0.5,0.5,0.699772497734611
102,18,0.013922423199811778,1,0,0.357,0.5,0.5,0.699772497734611
102,19,0.0,0,1,0.357,0.5,0.5,0.699772497734611
102,20,0.6744282125523617,1,0,0.357,0.5,0.5,0.699772497734611
102,21,0.0,0,1,0.357,0.5,0.5,0.699772497734611
102,22,0.0,0,1,0.357,0.5,0.5,0.699772497734611
102,23,0.0,0,1,0.357,0.5,0.5,0.699772497734611
102,24,0.11618519808182273,1,0,0.357,0.5,0.5,0.699772497734611
102,25,0.0,0,1,0.357,0.5,0.5,0.699772497734611
102,26,0.0,0,1,0.357,0.5,0.5,0.699772497734611
102,27,4.701724713583287,1,0,0.357,0.5,0.5,0.699772497734611
102,28,0.0,0,1,0.357,0.5,0.5,0.699772497734611
102,29,1.3772807898010546,1,0,0.357,0.5,0.5,0.699772497734611
102,30,0.0,0,1,0.357,0.5,0.5,0.699772497734611
102,31,0.0,0,1,0.357,0.5,0.5,0.699772497734611
102,32,0.0,0,1,0.357,0.5,0.5,0.699772497734611
102,33,0.9232747707002527,1,0,0.357,0.5,0.5,0.699772497734611
102,34,0.0,0,1,0.357,0.5,0.5,0.699772497734611
102,35,0.0,0,1,0.357,0.5,0.5,0.699772497734611
102,36,0.0,0,1,0.357,0.5,0.5,0.699772497734611
102,37,0.0,0,1,0.357,0.5,0.5,0.699772497734611
102,38,0.0,0,1,0.357,0.5,0.5,0.699772497734611
102,39,0.0,0,1,0.357,0.5,0.5,0.699772497734611
102,40,0.0,0,1,0.357,0.5,0.5,0.699772497734611
102,41,0.0,0,1,0.357,0.5,0.5,0.699772497734611
102,42,0.0,0,1,0.357,0.5,0.5,0.699772497734611
102,43,0.0,0,1,0.357,0.5,0.5,0.699772497734611
102,44,0.0,0,1,0.357,0.5,0.5,0.699772497734611
102,45,0.820361441296053,1,0,0.357,0.5,0.5,0.699772497734611
102,46,0.6480889830604353,1,0,0.357,0.5,0.5,0.699772497734611
102,47,2.0402124717888657,2,0,0.357,0.5,0.5,0.699772497734611
102,48,0.0,0,1,0.357,0.5,0.5,0.699772497734611
102,49,0.0,0,1,0.357,0.5,0.5,0.699772497734611
103,0,0.0,0,1,0.357,0.5,0.5,0.699772497734611
103,1,0.0,0,1,0.357,0.5,0.5,0.699772497734611
103,2,0.16979059259033127,1,0,0.357,0.5,0.5,0.699772497734611
103,3,0.0,0,1,0.357,0.5,0.5,0.699772497734611
103,4,0.0,0,1,0.357,0.5,0.5,0.699772497734611
103,5,0.0,0,1,0.357,0.5,0.5,0.699772497734611
103,6,4.5558976431936635,3,0,0.357,0.5,0.5,0.699772497734611
103,7,0.0,0,1,0.357,0.5,0.5,0.699772497734611
103,8,0.4235427081213567,1,0,0.357,0.5,0.5,0.699772497734611
103,9,0.0,0,1,0.357,0.5,0.5,0.699772497734611
103,10,0.3283545578700308,1,0,0.357,0.5,0.5,0.699772497734611
103,11,0.0,0,1,0.357,0.5,0.5,0.699772497734611
103,12,0.0,0,1,0.357,0.5,0.5,0.699772497734611
103,13,0.0,0,1,0.357,0.5,0.5,0.699772497734611
103,14,0.0,0,1,0.357,0.5,0.5,0.699772497734611
103,15,0.0,0,1,0.357,0.5,0.5,0.699772497734611
103,16,4.607381621031102,1,0,0.357,0.5,0.5,0.699772497734611
103,17,0.0,0,1,0.357,0.5,0.5,0.699772497734611
103,18,0.13236761227968066,2,0,0.357,0.5,0.5,0.699772497734611
103,19,0.0,0,1,0.357,0.5,0.5,0.699772497734611
103,20,0.0,0,1,0.357,0.5,0.5,0.699772497734611
103,21,0.0,0,1,0.357,0.5,0.5,0.699772497734611
103,22,0.0,0,1,0.357,0.5,0.5,0.699772497734611
103,23,0.0,0,1,0.357,0.5,0.5,0.699772497734611
103,24,0.5093122801122532,1,0,0.357,0.5,0.5,0.699772497734611
103,25,0.0,0,1,0.357,0.5,0.5,0.699772497734611
103,26,0.8692674566975168,1,0,0.357,0.5,0.5,0.699772497734611
103,27,2.6553629724203636,2,0,0.357,0.5,0.5,0.699772497734611
103,28,0.7909471987364091,1,0,0.357,0.5,0.5,0.699772497734611
103,29,5.596432232417638,1,0,0.357,0.5,0.5,0.699772497734611
103,30,0.0,0,1,0.357,0.5,0.5,0.699772497734611
103,31,0.0,0,1,0.357,0.5,0.5,0.699772497734611
103,32,0.0,0,1,0.357,0.5,0.5,0.699772497734611
103,33,0.0,0,1,0.357,0.5,0.5,0.699772497734611
103,34,0.0,0,1,0.357,0.5,0.5,0.699772497734611
103,35,0.0,0,1,0.357,0.5,0.5,0.699772497734611
103,36,0.43104318307386585,1,0,0.357,0.5,0.5,0.699772497734611
103,37,0.44180506771517847,1,0,0.357,0.5,0.5,0.699772497734611
103,38,0.0,0,1,0.357,0.5,0.5,0.699772497734611
103,39,0.0,0,1,0.357,0.5,0.5,0.699772497734611
103,40,0.0,0,1,0.357,0.5,0.5,0.699772497734611
103,41,0.0,0,1,0.357,0.5,0.5,0.699772497734611
103,42,0.0,0,1,0.357,0.5,0.5,0.699772497734611
103,43,0.0,0,1,0.357,0.5,0.5,0.699772497734611
103,44,0.0,0,1,0.357,0.5,0.5,0.699772497734611
103,45,0.0,0,1,0.357,0.5,0.5,0.699772497734611
103,46,0.0,0,1,0.357,0.5,0.5,0.699772497734611
103,47,0.0,0,1,0.357,0.5,0.5,0.699772497734611
103,48,0.0,0,1,0.357,0.5,0.5,0.699772497734611
103,49,0.0,0,1,0.357,0.5,0.5,0.699772497734611
104,0,0.0,0,1,0.357,0.5,0.5,0.699772497734611
104,1,0.0,0,1,0.357,0.5,0.5,0.699772497734611
104,2,0.0,0,1,0.357,0.5,0.5,0.699772497734611
104,3,1.0737786982296351,1,0,0.357,0.5,0.5,0.699772497734611
104,4,0.0,0,1,0.357,0.5,0.5,0.699772497734611
104,5,0.0019292900966856189,1,0,0.357,0.5,0.5,0.699772497734611
104,6,0.0,0,1,0.357,0.5,0.5,0.699772497734611
104,7,0.0,0,1,0.357,0.5,0.5,0.699772497734611
104,8,0.0,0,1,0.357,0.5,0.5,0.699772497734611
104,9,1.1963226574315031,1,0,0.357,0.5,0.5,0.699772497734611
104,10,0.0,0,1,0.357,0.5,0.5,0.699772497734611
104,11,0.0,0,1,0.357,0.5,0.5,0.699772497734611
104,12,1.3349846261249754,1,0,0.357,0.5,0.5,0.699772497734611
104,13,0.0,0,1,0.357,0.5,0.5,0.699772497734611
104,14,3.417858004361767,1,0,0.357,0.5,0.5,0.699772497734611
104,15,0.0,0,1,0.357,0.5,0.5,0.699772497734611
104,16,0.0,0,1,0.357,0.5,0.5,0.699772497734611
104,17,0.0,0,1,0.357,0.5,0.5,0.699772497734611
104,18,0.0003497125869239319,1,0,0.357,0.5,0.5,0.699772497734611
104,19,0.0,0,1,0.357,0.5,0.5,0.699772497734611
104,20,0.0,0,1,0.357,0.5,0.5,0.699772497734611
104,21,0.0,0,1,0.357,0.5,0.5,0.699772497734611
104,22,0.0,0,1,0.357,0.5,0.5,0.699772497734611
104,23,0.0,0,1,0.357,0.5,0.5,0.699772497734611
104,24,0.0,0,1,0.357,0.5,0.5,0.699772497734611
104,25,0.0,0,1,0.357,0.5,0.5,0.699772497734611
104,26,0.14455617766725382,1,0,0.357,0.5,0.5,0.699772497734611
104,27,0.0,0,1,0.357,0.5,0.5,0.699772497734611
104,28,0.06418012326350894,1,0,0.357,0.5,0.5,0.699772497734611
104,29,0.0,0,1,0.357,0.5,0.5,0.699772497734611
104,30,6.307942217089497,2,0,0.357,0.5,0.5,0.699772497734611
104,31,0.0,0,1,0.357,0.5,0.5,0.699772497734611
104,32,1.937931236399479,2,0,0.357,0.5,0.5,0.699772497734611
104,33,0.0,0,1,0.357,0.5,0.5,0.699772497734611
104,34,0.0,0,1,0.357,0.5,0.5,0.699772497734611
104,35,0.0,0,1,0.357,0.5,0.5,0.699772497734611
104,36,0.08413660284809023,1,0,0.357,0.5,0.5,0.699772497734611
104,37,1.4104588079926896,1,0,0.357,0.5,0.5,0.699772497734611
104,38,0.0,0,1,0.357,0.5,0.5,0.699772497734611
104,39,0.8227615815391404,1,0,0.357,0.5,0.5,0.699772497734611
104,40,0.0,0,1,0.357,0.5,0.5,0.699772497734611
104,41,0.218559338586536,1,0,0.357,0.5,0.5,0.699772497734611
104,42,0.0,0,1,0.357,0.5,0.5,0.699772497734611
104,43,0.0,0,1,0.357,0.5,0.5,0.699772497734611
104,44,0.24984516154313016,1,0,0.357,0.5,0.5,0.699772497734611
104,45,0.6179811002855995,1,0,0.357,0.5,0.5,0.699772497734611
104,46,1.572004793070196,1,0,0.357,0.5,0.5,0.699772497734611
104,47,0.0,0,1,0.357,0.5,0.5,0.699772497734611
104,48,0.0,0,1,0.357,0.5,0.5,0.699772497734611
104,49,0.5407827267086873,1,0,0.357,0.5,0.5,0.699772497734611
105,0,0.0,0,1,0.357,0.5,0.5,0.699772497734611
105,1,1.5785142331965634,1,0,0.357,0.5,0.5,0.699772497734611
105,2,0.0,0,1,0.357,0.5,0.5,0.699772497734611
105,3,0.0,0,1,0.357,0.5,0.5,0.699772497734611
105,4,3.4455013301308597,1,0,0.357,0.5,0.5,0.699772497734611
105,5,0.0,0,1,0.357,0.5,0.5,0.699772497734611
105,6,0.0,0,1,0.357,0.5,0.5,0.699772497734611
105,7,0.0,0,1,0.357,0.5,0.5,0.699772497734611
105,8,0.0,0,1,0.357,0.5,0.5,0.699772497734611
105,9,0.0,0,1,0.357,0.5,0.5,0.699772497734611
105,10,0.0,0,1,0.357,0.5,0.5,0.699772497734611
105,11,0.0,0,1,0.357,0.5,0.5,0.699772497734611
105,12,0.0,0,1,0.357,0.5,0.5,0.699772497734611
105,13,0.3550673117820849,1,0,0.357,0.5,0.5,0.699772497734611
105,14,0.37748151334123214,1,0,0.357,0.5,0.5,0.699772497734611
105,15,0.5680227075708827,1,0,0.357,0.5,0.5,0.699772497734611
105,16,1.0942771782990188,1,0,0.357,0.5,0.5,0.699772497734611
105,17,0.0,0,1,0.357,0.5,0.5,0.699772497734611
105,18,0.04379086204373367,1,0,0.357,0.5,0.5,0.699772497734611
105,19,0.0,0,1,0.357,0.5,0.5,0.699772497734611
105,20,0.0,0,1,0.357,0.5,0.5,0.699772497734611
105,21,0.0,0,1,0.357,0.5,0.5,0.699772497734611
105,22,0.0,0,1,0.357,0.5,0.5,0.699772497734611
105,23,0.0,0,1,0.357,0.5,0.5,0.699772497734611
105,24,1.3098596012147903,1,0,0.357,0.5,0.5,0.699772497734611
105,25,0.0,0,1,0.357,0.5,0.5,0.699772497734611
105,26,0.0,0,1,0.357,0.5,0.5,0.699772497734611
105,27,0.0,0,1,0.357,0.5,0.5,0.699772497734611
105,28,0.0,0,1,0.357,0.5,0.5,0.699772497734611
105,29,0.0,0,1,0.357,0.5,0.5,0.699772497734611
105,30,0.5759452609406858,1,0,0.357,0.5,0.5,0.699772497734611
105,31,0.0,0,1,0.357,0.5,0.5,0.699772497734611
105,32,0.0,0,1,0.357,0.5,0.5,0.699772497734611
105,33,0.0,0,1,0.357,0.5,0.5,0.699772497734611
105,34,0.0,0,1,0.357,0.5,0.5,0.699772497734611
105,35,0.0,0,1,0.357,0.5,0.5,0.699772497734611
105,36,0.015041257398371427,1,0,0.357,0.5,0.5,0.699772497734611
105,37,1.2006412884905926,1,0,0.357,0.5,0.5,0.699772497734611
105,38,0.0,0,1,0.357,0.5,0.5,0.699772497734611
105,39,0.01632127270498772,1,0,0.357,0.5,0.5,0.699772497734611
105,40,0.0,0,1,0.357,0.5,0.5,0.699772497734611
105,41,0.0,0,1,0.357,0.5,0.5,0.699772497734611
105,42,0.289782094014087,1,0,0.357,0.5,0.5,0.699772497734611
105,43,0.0,0,1,0.357,0.5,0.5,0.699772497734611
105,44,0.0,0,1,0.357,0.5,0.5,0.699772497734611
105,45,0.0,0,1,0.357,0.5,0.5,0.699772497734611
105,46,0.0,0,1,0.357,0.5,0.5,0.699772497734611
105,47,0.0,0,1,0.357,0.5,0.5,0.699772497734611
105,48,0.7097404678100995,1,0,0.357,0.5,0.5,0.699772497734611
105,49,0.0,0,1,0.357,0.5,0.5,0.699772497734611
106,0,1.5045112839381594,1,0,0.357,0.5,0.5,0.699772497734611
106,1,0.0,0,1,0.357,0.5,0.5,0.699772497734611
106,2,0.7471457040595894,1,0,0.357,0.5,0.5,0.699772497734611
106,3,0.001978539386471081,1,0,0.357,0.5,0.5,0.699772497734611
106,4,0.0,0,1,0.357,0.5,0.5,0.699772497734611
106,5,0.0,0,1,0.357,0.5,0.5,0.699772497734611
106,6,0.0,0,1,0.357,0.5,0.5,0.699772497734611
106,7,0.0,0,1,0.357,0.5,0.5,0.699772497734611
106,8,0.0,0,1,0.357,0.5,0.5,0.699772497734611
106,9,0.0,0,1,0.357,0.5,0.5,0.699772497734611
106,10,0.0,0,1,0.357,0.5,0.5,0.699772497734611
106,11,0.0,0,1,0.357,0.5,0.5,0.699772497734611
106,12,0.0,0,1,0.357,0.5,0.5,0.699772497734611
106,13,0.0,0,1,0.357,0.5,0.5,0.699772497734611
106,14,0.0,0,1,0.357,0.5,0.5,0.699772497734611
106,15,0.0,0,1,0.357,0.5,0.5,0.699772497734611
106,16,0.0,0,1,0.357,0.5,0.5,0.699772497734611
106,17,0.0,0,1,0.357,0.5,0.5,0.699772497734611
106,18,6.5881557458994635,1,0,0.357,0.5,0.5,0.699772497734611
106,19,0.0,0,1,0.357,0.5,0.5,0.699772497734611
106,20,0.0118296800430168,1,0,0.357,0.5,0.5,0.699772497734611
106,21,0.0,0,1,0.357,0.5,0.5,0.699772497734611
106,22,0.0,0,1,0.357,0.5,0.5,0.699772497734611
106,23,0.0,0,1,0.357,0.5,0.5,0.699772497734611
106,24,0.0,0,1,0.357,0.5,0.5,0.699772497734611
106,25,0.0,0,1,0.357,0.5,0.5,0.699772497734611
106,26,0.010469724845708036,1,0,0.357,0.5,0.5,0.699772497734611
106,27,0.044161859514807895,1,0,0.357,0.5,0.5,0.699772497734611
106,28,0.0,0,1,0.357,0.5,0.5,0.699772497734611
106,29,0.0,0,1,0.357,0.5,0.5,0.699772497734611
106,30,0.03711720405663168,1,0,0.357,0.5,0.5,0.699772497734611
106,31,0.0,0,1,0.357,0.5,0.5,0.699772497734611
106,32,0.0,0,1,0.357,0.5,0.5,0.699772497734611
106,33,0.2675016537768632,1,0,0.357,0.5,0.5,0.699772497734611
106,34,0.2945471691196914,1,0,0.357,0.5,0.5,0.699772497734611
106,35,2.2838319507042093,2,0,0.357,0.5,0.5,0.699772497734611
106,36,0.4284220175896483,1,0,0.357,0.5,0.5,0.699772497734611
106,37,0.0,0,1,0.357,0.5,0.5,0.699772497734611
106,38,0.0,0,1,0.357,0.5,0.5,0.699772497734611
106,39,0.0,0,1,0.357,0.5,0.5,0.699772497734611
106,40,0.0005673610326569088,1,0,0.357,0.5,0.5,0.699772497734611
106,41,0.0,0,1,0.357,0.5,0.5,0.699772497734611
106,42,0.0,0,1,0.357,0.5,0.5,0.699772497734611
106,43,0.0,0,1,0.357,0.5,0.5,0.699772497734611
106,44,0.007165845860917286,1,0,0.357,0.5,0.5,0.699772497734611
106,45,0.6172360928143807,1,0,0.357,0.5,0.5,0.699772497734611
106,46,2.3517714536464855,2,0,0.357,0.5,0.5,0.699772497734611
106,47,0.0,0,1,0.357,0.5,0.5,0.699772497734611
106,48,0.0,0,1,0.357,0.5,0.5,0.699772497734611
106,49,1.7129783828890899,1,0,0.357,0.5,0.5,0.699772497734611
107,0,0.003999411893769082,1,0,0.357,0.5,0.5,0.699772497734611
107,1,0.8359860400291227,1,0,0.357,0.5,0.5,0.699772497734611
107,2,0.0,0,1,0.357,0.5,0.5,0.699772497734611
107,3,0.0,0,1,0.357,0.5,0.5,0.699772497734611
107,4,0.0,0,1,0.357,0.5,0.5,0.699772497734611
107,5,1.0012666412621396,1,0,0.357,0.5,0.5,0.699772497734611
107,6,0.0,0,1,0.357,0.5,0.5,0.699772497734611
107,7,0.0,0,1,0.357,0.5,0.5,0.699772497734611
107,8,0.0,0,1,0.357,0.5,0.5,0.699772497734611
107,9,0.0,0,1,0.357,0.5,0.5,0.699772497734611
107,10,0.0,0,1,0.357,0.5,0.5,0.699772497734611
107,11,0.0,0,1,0.357,0.5,0.5,0.699772497734611
107,12,0.0,0,1,0.357,0.5,0.5,0.699772497734611
107,13,0.0,0,1,0.357,0.5,0.5,0.699772497734611
107,14,0.0,0,1,0.357,0.5,0.5,0.699772497734611
107,15,0.0,0,1,0.357,0.5,0.5,0.699772497734611
107,16,0.0,0,1,0.357,0.5,0.5,0.699772497734611
107,17,0.0,0,1,0.357,0.5,0.5,0.699772497734611
107,18,0.0,0,1,0.357,0.5,0.5,0.699772497734611
107,19,0.0,0,1,0.357,0.5,0.5,0.699772497734611
107,20,0.0,0,1,0.357,0.5,0.5,0.699772497734611
107,21,0.45095857920272137,1,0,0.357,0.5,0.5,0.699772497734611
107,22,0.3091633223358873,1,0,0.357,0.5,0.5,0.699772497734611
107,23,0.0,0,1,0.357,0.5,0.5,0.699772497734611
107,24,0.0,0,1,0.357,0.5,0.5,0.699772497734611
107,25,0.15747951404292004,1,0,0.357,0.5,0.5,0.699772497734611
107,26,0.0,0,1,0.357,0.5,0.5,0.699772497734611
107,27,3.8794177488692045,3,0,0.357,0.5,0.5,0.699772497734611
107,28,0.0,0,1,0.357,0.5,0.5,0.699772497734611
107,29,0.0,0,1,0.357,0.5,0.5,0.699772497734611
107,30,0.0,0,1,0.357,0.5,0.5,0.699772497734611
107,31,0.0,0,1,0.357,0.5,0.5,0.699772497734611
107,32,0.0,0,1,0.357,0.5,0.5,0.699772497734611
107,33,0.0,0,1,0.357,0.5,0.5,0.699772497734611
107,34,0.0,0,1,0.357,0.5,0.5,0.699772497734611
107,35,0.0,0,1,0.357,0.5,0.5,0.699772497734611
107,36,0.0,0,1,0.357,0.5,0.5,0.699772497734611
107,37,0.0,0,1,0.357,0.5,0.5,0.699772497734611
107,38,1.4761760015181713,1,0,0.357,0.5,0.5,0.699772497734611
107,39,3.3967730755006476,1,0,0.357,0.5,0.5,0.699772497734611
107,40,0.0,0,1,0.357,0.5,0.5,0.699772497734611
107,41,0.037999131311624,1,0,0.357,0.5,0.5,0.699772497734611
107,42,3.445066533230321,1,0,0.357,0.5,0.5,0.699772497734611
107,43,0.0,0,1,0.357,0.5,0.5,0.699772497734611
107,44,0.0,0,1,0.357,0.5,0.5,0.699772497734611
107,45,0.0,0,1,0.357,0.5,0.5,0.699772497734611
107,46,1.1352533698907874,1,0,0.357,0.5,0.5,0.699772497734611
107,47,0.0,0,1,0.357,0.5,0.5,0.699772497734611
107,48,1.495605847087214,1,0,0.357,0.5,0.5,0.699772497734611
107,49,0.0,0,1,0.357,0.5,0.5,0.699772497734611
108,0,0.0,0,1,0.357,0.5,0.5,0.699772497734611
108,1,2.9418225601211567,1,0,0.357,0.5,0.5,0.699772497734611
108,2,0.0,0,1,0.357,0.5,0.5,0.699772497734611
108,3,0.0,0,1,0.357,0.5,0.5,0.699772497734611
108,4,2.7417113262815813,2,0,0.357,0.5,0.5,0.699772497734611
108,5,0.0,0,1,0.357,0.5,0.5,0.699772497734611
108,6,0.0,0,1,0.357,0.5,0.5,0.699772497734611
108,7,0.0,0,1,0.357,0.5,0.5,0.699772497734611
108,8,0.0,0,1,0.357,0.5,0.5,0.699772497734611
108,9,0.0,0,1,0.357,0.5,0.5,0.699772497734611
108,10,1.4765907508298926,1,0,0.357,0.5,0.5,0.699772497734611
108,11,0.530074907720619,2,0,0.357,0.5,0.5,0.699772497734611
108,12,0.0,0,1,0.357,0.5,0.5,0.699772497734611
108,13,0.0,0,1,0.357,0.5,0.5,0.699772497734611
108,14,0.0,0,1,0.357,0.5,0.5,0.699772497734611
108,15,0.8693701340085108,2,0,0.357,0.5,0.5,0.699772497734611
108,16,7.367070115062682e-05,1,0,0.357,0.5,0.5,0.699772497734611
108,17,0.0,0,1,0.357,0.5,0.5,0.699772497734611
108,18,0.0,0,1,0.357,0.5,0.5,0.699772497734611
108,19,0.0,0,1,0.357,0.5,0.5,0.699772497734611
108,20,0.0,0,1,0.357,0.5,0.5,0.699772497734611
108,21,0.0,0,1,0.357,0.5,0.5,0.699772497734611
108,22,0.0,0,1,0.357,0.5,0.5,0.699772497734611
108,23,0.0,0,1,0.357,0.5,0.5,0.699772497734611
108,24,0.0,0,1,0.357,0.5,0.5,0.699772497734611
108,25,0.0,0,1,0.357,0.5,0.5,0.699772497734611
108,26,0.0,0,1,0.357,0.5,0.5,0.699772497734611
108,27,0.0,0,1,0.357,0.5,0.5,0.699772497734611
108,28,0.0,0,1,0.357,0.5,0.5,0.699772497734611
108,29,2.522436323874152,2,0,0.357,0.5,0.5,0.699772497734611
108,30,0.6456039328373383,1,0,0.357,0.5,0.5,0.699772497734611
108,31,0.0,0,1,0.357,0.5,0.5,0.699772497734611
108,32,1.2063461133691586,2,0,0.357,0.5,0.5,0.699772497734611
108,33,0.732475230774361,1,0,0.357,0.5,0.5,0.699772497734611
108,34,0.0,0,1,0.357,0.5,0.5,0.699772497734611
108,35,0.0,0,1,0.357,0.5,0.5,0.699772497734611
108,36,0.0,0,1,0.357,0.5,0.5,0.699772497734611
108,37,2.3650700165583523,2,0,0.357,0.5,0.5,0.699772497734611
108,38,0.0,0,1,0.357,0.5,0.5,0.699772497734611
108,39,0.0,0,1,0.357,0.5,0.5,0.699772497734611
108,40,0.0,0,1,0.357,0.5,0.5,0.699772497734611
108,41,0.0,0,1,0.357,0.5,0.5,0.699772497734611
108,42,0.0,0,1,0.357,0.5,0.5,0.699772497734611
108,43,0.0,0,1,0.357,0.5,0.5,0.699772497734611
108,44,0.0,0,1,0.357,0.5,0.5,0.699772497734611
108,45,0.0,0,1,0.357,0.5,0.5,0.699772497734611
108,46,0.0,0,1,0.357,0.5,0.5,0.699772497734611
108,47,0.0,0,1,0.357,0.5,0.5,0.699772497734611
108,48,3.7875792416303984,2,0,0.357,0.5,0.5,0.699772497734611
108,49,0.16233233519201098,1,0,0.357,0.5,0.5,0.699772497734611
109,0,0.0,0,1,0.357,0.5,0.5,0.699772497734611
109,1,0.17748294819294355,1,0,0.357,0.5,0.5,0.699772497734611
109,2,0.0,0,1,0.357,0.5,0.5,0.699772497734611
109,3,0.0,0,1,0.357,0.5,0.5,0.699772497734611
109,4,0.0,0,1,0.357,0.5,0.5,0.699772497734611
109,5,0.0,0,1,0.357,0.5,0.5,0.699772497734611
109,6,0.0,0,1,0.357,0.5,0.5,0.699772497734611
109,7,0.0,0,1,0.357,0.5,0.5,0.699772497734611
109,8,4.501764384182999,1,0,0.357,0.5,0.5,0.699772497734611
109,9,0.0,0,1,0.357,0.5,0.5,0.699772497734611
109,10,0.0,0,1,0.357,0.5,0.5,0.699772497734611
109,11,0.4361192229241672,1,0,0.357,0.5,0.5,0.699772497734611
109,12,0.0,0,1,0.357,0.5,0.5,0.699772497734611
109,13,3.528480331789836,1,0,0.357,0.5,0.5,0.699772497734611
109,14,0.0,0,1,0.357,0.5,0.5,0.699772497734611
109,15,0.0,0,1,0.357,0.5,0.5,0.699772497734611
109,16,0.0,0,1,0.357,0.5,0.5,0.699772497734611
109,17,0.0,0,1,0.357,0.5,0.5,0.699772497734611
109,18,0.43267747993292566,1,0,0.357,0.5,0.5,0.699772497734611
109,19,0.23345689275860695,1,0,0.357,0.5,0.5,0.699772497734611
109,20,6.659815250887361,2,0,0.357,0.5,0.5,0.699772497734611
109,21,0.0,0,1,0.357,0.5,0.5,0.699772497734611
109,22,0.0,0,1,0.357,0.5,0.5,0.699772497734611
109,23,0.01775971686215789,1,0,0.357,0.5,0.5,0.699772497734611
109,24,0.0,0,1,0.357,0.5,0.5,0.699772497734611
109,25,0.0,0,1,0.357,0.5,0.5,0.699772497734611
109,26,0.015268153702320918,1,0,0.357,0.5,0.5,0.699772497734611
109,27,1.0349023575109966,1,0,0.357,0.5,0.5,0.699772497734611
109,28,0.011442925562113253,1,0,0.357,0.5,0.5,0.699772497734611
109,29,0.0,0,1,0.357,0.5,0.5,0.699772497734611
109,30,0.0,0,1,0.357,0.5,0.5,0.699772497734611
109,31,0.0,0,1,0.357,0.5,0.5,0.699772497734611
109,32,0.0,0,1,0.357,0.5,0.5,0.699772497734611
109,33,0.0,0,1,0.357,0.5,0.5,0.699772497734611
109,34,0.0,0,1,0.357,0.5,0.5,0.699772497734611
109,35,0.0,0,1,0.357,0.5,0.5,0.699772497734611
109,36,0.0,0,1,0.357,0.5,0.5,0.699772497734611
109,37,1.8785863659805417,1,0,0.357,0.5,0.5,0.699772497734611
109,38,0.0,0,1,0.357,0.5,0.5,0.699772497734611
109,39,1.292091222495238,1,0,0.357,0.5,0.5,0.699772497734611
109,40,0.0,0,1,0.357,0.5,0.5,0.699772497734611
109,41,0.0,0,1,0.357,0.5,0.5,0.699772497734611
109,42,0.7279311948185276,1,0,0.357,0.5,0.5,0.699772497734611
109,43,1.8166233042090727,1,0,0.357,0.5,0.5,0.699772497734611
109,44,0.0,0,1,0.357,0.5,0.5,0.699772497734611
109,45,0.25254089667155416,1,0,0.357,0.5,0.5,0.699772497734611
109,46,0.0,0,1,0.357,0.5,0.5,0.699772497734611
109,47,0.0,0,1,0.357,0.5,0.5,0.699772497734611
109,48,1.6246091833682366,1,0,0.357,0.5,0.5,0.699772497734611
109,49,0.0,0,1,0.357,0.5,0.5,0.699772497734611
110,0,0.0,0,1,0.357,0.5,0.5,0.699772497734611
110,1,0.23074391284440507,1,0,0.357,0.5,0.5,0.699772497734611
110,2,1.6723354464564035,2,0,0.357,0.5,0.5,0.699772497734611
110,3,0.0,0,1,0.357,0.5,0.5,0.699772497734611
110,4,0.0,0,1,0.357,0.5,0.5,0.699772497734611
110,5,0.0,0,1,0.357,0.5,0.5,0.699772497734611
110,6,0.0,0,1,0.357,0.5,0.5,0.699772497734611
110,7,0.0,0,1,0.357,0.5,0.5,0.699772497734611
110,8,0.0,0,1,0.357,0.5,0.5,0.699772497734611
110,9,0.0,0,1,0.357,0.5,0.5,0.699772497734611
110,10,0.9308971672744502,2,0,0.357,0.5,0.5,0.699772497734611
110,11,0.0017532206820527405,1,0,0.357,0.5,0.5,0.699772497734611
110,12,0.0,0,1,0.357,0.5,0.5,0.699772497734611
110,13,0.0,0,1,0.357,0.5,0.5,0.699772497734611
110,14,0.0,0,1,0.357,0.5,0.5,0.699772497734611
110,15,0.0,0,1,0.357,0.5,0.5,0.699772497734611
110,16,0.0,0,1,0.357,0.5,0.5,0.699772497734611
110,17,0.7354370208995201,1,0,0.357,0.5,0.5,0.699772497734611
110,18,0.0,0,1,0.357,0.5,0.5,0.699772497734611
110,19,0.0,0,1,0.357,0.5,0.5,0.699772497734611
110,20,0.0,0,1,0.357,0.5,0.5,0.699772497734611
110,21,0.0,0,1,0.357,0.5,0.5,0.699772497734611
110,22,0.0,0,1,0.357,0.5,0.5,0.699772497734611
110,23,0.0,0,1,0.357,0.5,0.5,0.699772497734611
110,24,0.0,0,1,0.357,0.5,0.5,0.699772497734611
110,25,0.0,0,1,0.357,0.5,0.5,0.699772497734611
110,26,0.0,0,1,0.357,0.5,0.5,0.699772497734611
110,27,0.0,0,1,0.357,0.5,0.5,0.699772497734611
110,28,0.0,0,1,0.357,0.5,0.5,0.699772497734611
110,29,2.946138207918585,1,0,0.357,0.5,0.5,0.699772497734611
110,30,0.0,0,1,0.357,0.5,0.5,0.699772497734611
110,31,0.0,0,1,0.357,0.5,0.5,0.699772497734611
110,32,0.0,0,1,0.357,0.5,0.5,0.699772497734611
110,33,1.9771078121038044,1,0,0.357,0.5,0.5,0.699772497734611
110,34,0.0,0,1,0.357,0.5,0.5,0.699772497734611
110,35,0.0,0,1,0.357,0.5,0.5,0.699772497734611
110,36,0.1024680030257411,1,0,0.357,0.5,0.5,0.699772497734611
110,37,0.0,0,1,0.357,0.5,0.5,0.699772497734611
110,38,0.0,0,1,0.357,0.5,0.5,0.699772497734611
110,39,0.2281606534966727,1,0,0.357,0.5,0.5,0.699772497734611
110,40,0.0,0,1,0.357,0.5,0.5,0.699772497734611
110,41,0.0,0,1,0.357,0.5,0.5,0.699772497734611
110,42,2.6368976792838787,1,0,0.357,0.5,0.5,0.699772497734611
110,43,0.0,0,1,0.357,0.5,0.5,0.699772497734611
110,44,0.0,0,1,0.357,0.5,0.5,0.699772497734611
110,45,0.07927146683985786,1,0,0.357,0.5,0.5,0.699772497734611
110,46,0.3472977190116708,1,0,0.357,0.5,0.5,0.699772497734611
110,47,0.0,0,1,0.357,0.5,0.5,0.699772497734611
110,48,0.0,0,1,0.357,0.5,0.5,0.699772497734611
110,49,0.0,0,1,0.357,0.5,0.5,0.699772497734611
111,0,0.0,0,1,0.357,0.5,0.5,0.699772497734611
111,1,0.0,0,1,0.357,0.5,0.5,0.699772497734611
111,2,0.0,0,1,0.357,0.5,0.5,0.699772497734611
111,3,0.0,0,1,0.357,0.5,0.5,0.699772497734611
111,4,0.0,0,1,0.357,0.5,0.5,0.699772497734611
111,5,0.0,0,1,0.357,0.5,0.5,0.699772497734611
111,6,0.0,0,1,0.357,0.5,0.5,0.699772497734611
111,7,0.0,0,1,0.357,0.5,0.5,0.699772497734611
111,8,0.0,0,1,0.357,0.5,0.5,0.699772497734611
111,9,1.3756667849546125,3,0,0.357,0.5,0.5,0.699772497734611
111,10,0.45345973486967833,1,0,0.357,0.5,0.5,0.699772497734611
111,11,0.0,0,1,0.357,0.5,0.5,0.699772497734611
111,12,0.0,0,1,0.357,0.5,0.5,0.699772497734611
111,13,0.0,0,1,0.357,0.5,0.5,0.699772497734611
111,14,0.0,0,1,0.357,0.5,0.5,0.699772497734611
111,15,0.0,0,1,0.357,0.5,0.5,0.699772497734611
111,16,0.0,0,1,0.357,0.5,0.5,0.699772497734611
111,17,0.0,0,1,0.357,0.5,0.5,0.699772497734611
111,18,0.0,0,1,0.357,0.5,0.5,0.699772497734611
111,19,0.0,0,1,0.357,0.5,0.5,0.699772497734611
111,20,0.4968993367178248,1,0,0.357,0.5,0.5,0.699772497734611
111,21,0.0,0,1,0.357,0.5,0.5,0.699772497734611
111,22,0.47998637613522316,1,0,0.357,0.5,0.5,0.699772497734611
111,23,0.0,0,1,0.357,0.5,0.5,0.699772497734611
111,24,0.0013242000544529166,1,0,0.357,0.5,0.5,0.699772497734611
111,25,0.0,0,1,0.357,0.5,0.5,0.699772497734611
111,26,0.0,0,1,0.357,0.5,0.5,0.699772497734611
111,27,0.2441479573338888,1,0,0.357,0.5,0.5,0.699772497734611
111,28,0.004176238052150839,1,0,0.357,0.5,0.5,0.699772497734611
111,29,0.0,0,1,0.357,0.5,0.5,0.699772497734611
111,30,0.0,0,1,0.357,0.5,0.5,0.699772497734611
111,31,1.712782625146083,2,0,0.357,0.5,0.5,0.699772497734611
111,32,0.0,0,1,0.357,0.5,0.5,0.699772497734611
111,33,0.0,0,1,0.357,0.5,0.5,0.699772497734611
111,34,0.0,0,1,0.357,0.5,0.5,0.699772497734611
111,35,0.0,0,1,0.357,0.5,0.5,0.699772497734611
111,36,0.0,0,1,0.357,0.5,0.5,0.699772497734611
111,37,0.0,0,1,0.357,0.5,0.5,0.699772497734611
111,38,0.0,0,1,0.357,0.5,0.5,0.699772497734611
111,39,0.0,0,1,0.357,0.5,0.5,0.699772497734611
111,40,0.0,0,1,0.357,0.5,0.5,0.699772497734611
111,41,0.0,0,1,0.357,0.5,0.5,0.699772497734611
111,42,0.0,0,1,0.357,0.5,0.5,0.699772497734611
111,43,0.0,0,1,0.357,0.5,0.5,0.699772497734611
111,44,0.0,0,1,0.357,0.5,0.5,0.699772497734611
111,45,0.0,0,1,0.357,0.5,0.5,0.699772497734611
111,46,0.0,0,1,0.357,0.5,0.5,0.699772497734611
111,47,0.0,0,1,0.357,0.5,0.5,0.699772497734611
111,48,0.0,0,1,0.357,0.5,0.5,0.699772497734611
111,49,0.0,0,1,0.357,0.5,0.5,0.699772497734611
112,0,0.0,0,1,0.357,0.5,0.5,0.699772497734611
112,1,0.0,0,1,0.357,0.5,0.5,0.699772497734611
112,2,0.15784445880868841,1,0,0.357,0.5,0.5,0.699772497734611
112,3,0.0,0,1,0.357,0.5,0.5,0.699772497734611
112,4,0.0,0,1,0.357,0.5,0.5,0.699772497734611
112,5,0.0,0,1,0.357,0.5,0.5,0.699772497734611
112,6,0.0,0,1,0.357,0.5,0.5,0.699772497734611
112,7,0.0,0,1,0.357,0.5,0.5,0.699772497734611
112,8,0.0,0,1,0.357,0.5,0.5,0.699772497734611
112,9,3.608169640859996,1,0,0.357,0.5,0.5,0.699772497734611
112,10,0.0,0,1,0.357,0.5,0.5,0.699772497734611
112,11,0.0,0,1,0.357,0.5,0.5,0.699772497734611
112,12,0.0,0,1,0.357,0.5,0.5,0.699772497734611
112,13,0.0,0,1,0.357,0.5,0.5,0.699772497734611
112,14,1.4177233007129442,1,0,0.357,0.5,0.5,0.699772497734611
112,15,0.0,0,1,0.357,0.5,0.5,0.699772497734611
112,16,0.0,0,1,0.357,0.5,0.5,0.699772497734611
112,17,0.0,0,1,0.357,0.5,0.5,0.699772497734611
112,18,0.0,0,1,0.357,0.5,0.5,0.699772497734611
112,19,0.0,0,1,0.357,0.5,0.5,0.699772497734611
112,20,1.5504268747648986,1,0,0.357,0.5,0.5,0.699772497734611
112,21,0.0,0,1,0.357,0.5,0.5,0.699772497734611
112,22,0.04269692785258336,1,0,0.357,0.5,0.5,0.699772497734611
112,23,0.0,0,1,0.357,0.5,0.5,0.699772497734611
112,24,0.0,0,1,0.357,0.5,0.5,0.699772497734611
112,25,1.6651661899826156,1,0,0.357,0.5,0.5,0.699772497734611
112,26,0.0,0,1,0.357,0.5,0.5,0.699772497734611
112,27,0.00398106085819172,1,0,0.357,0.5,0.5,0.699772497734611
112,28,0.0,0,1,0.357,0.5,0.5,0.699772497734611
112,29,0.0,0,1,0.357,0.5,0.5,0.699772497734611
112,30,0.44195414398405264,1,0,0.357,0.5,0.5,0.699772497734611
112,31,0.0,0,1,0.357,0.5,0.5,0.699772497734611
112,32,0.9660716839282993,1,0,0.357,0.5,0.5,0.699772497734611
112,33,0.0,0,1,0.357,0.5,0.5,0.699772497734611
112,34,0.0,0,1,0.357,0.5,0.5,0.699772497734611
112,35,0.0,0,1,0.357,0.5,0.5,0.699772497734611
112,36,0.0,0,1,0.357,0.5,0.5,0.699772497734611
112,37,0.0,0,1,0.357,0.5,0.5,0.699772497734611
112,38,1.6668630094538077,2,0,0.357,0.5,0.5,0.699772497734611
112,39,0.0,0,1,0.357,0.5,0.5,0.699772497734611
112,40,0.0,0,1,0.357,0.5,0.5,0.699772497734611
112,41,0.0,0,1,0.357,0.5,0.5,0.699772497734611
112,42,2.115597138639858,2,0,0.357,0.5,0.5,0.699772497734611
112,43,0.0,0,1,0.357,0.5,0.5,0.699772497734611
112,44,2.3775051687210125,2,0,0.357,0.5,0.5,0.699772497734611
112,45,0.0,0,1,0.357,0.5,0.5,0.699772497734611
112,46,0.0,0,1,0.357,0.5,0.5,0.699772497734611
112,47,3.766256432083445,1,0,0.357,0.5,0.5,0.699772497734611
112,48,0.0,0,1,0.357,0.5,0.5,0.699772497734611
112,49,0.0,0,1,0.357,0.5,0.5,0.699772497734611
113,0,0.9228007465563066,2,0,0.357,0.5,0.5,0.699772497734611
113,1,0.0002617293557525237,1,0,0.357,0.5,0.5,0.699772497734611
113,2,0.0,0,1,0.357,0.5,0.5,0.699772497734611
113,3,0.0,0,1,0.357,0.5,0.5,0.699772497734611
113,4,0.0,0,1,0.357,0.5,0.5,0.699772497734611
113,5,1.1277557777340448,1,0,0.357,0.5,0.5,0.699772497734611
113,6,2.426688282800156,1,0,0.357,0.5,0.5,0.699772497734611
113,7,0.0,0,1,0.357,0.5,0.5,0.699772497734611
113,8,0.0,0,1,0.357,0.5,0.5,0.699772497734611
113,9,0.5536553380109448,1,0,0.357,0.5,0.5,0.699772497734611
113,10,0.0,0,1,0.357,0.5,0.5,0.699772497734611
113,11,0.1544353985431666,1,0,0.357,0.5,0.5,0.699772497734611
113,12,2.3056099494649028e-05,1,0,0.357,0.5,0.5,0.699772497734611
113,13,0.0,0,1,0.357,0.5,0.5,0.699772497734611
113,14,0.0035398481875449604,1,0,0.357,0.5,0.5,0.699772497734611
113,15,1.650031822078416,1,0,0.357,0.5,0.5,0.699772497734611
113,16,0.0,0,1,0.357,0.5,0.5,0.699772497734611
113,17,0.0,0,1,0.357,0.5,0.5,0.699772497734611
113,18,0.6170982469919825,2,0,0.357,0.5,0.5,0.699772497734611
113,19,0.0,0,1,0.357,0.5,0.5,0.699772497734611
113,20,0.0,0,1,0.357,0.5,0.5,0.699772497734611
113,21,0.0,0,1,0.357,0.5,0.5,0.699772497734611
113,22,0.0,0,1,0.357,0.5,0.5,0.699772497734611
113,23,0.20379170849888545,1,0,0.357,0.5,0.5,0.699772497734611
113,24,0.6119034171574702,1,0,0.357,0.5,0.5,0.699772497734611
113,25,0.0,0,1,0.357,0.5,0.5,0.699772497734611
113,26,0.0,0,1,0.357,0.5,0.5,0.699772497734611
113,27,0.5742980746805867,1,0,0.357,0.5,0.5,0.699772497734611
113,28,0.0,0,1,0.357,0.5,0.5,0.699772497734611
113,29,0.5889383612601597,1,0,0.357,0.5,0.5,0.699772497734611
113,30,0.0,0,1,0.357,0.5,0.5,0.699772497734611
113,31,0.0,0,1,0.357,0.5,0.5,0.699772497734611
113,32,0.0,0,1,0.357,0.5,0.5,0.699772497734611
113,33,0.0,0,1,0.357,0.5,0.5,0.699772497734611
113,34,0.0,0,1,0.357,0.5,0.5,0.699772497734611
113,35,0.0,0,1,0.357,0.5,0.5,0.699772497734611
113,36,0.0,0,1,0.357,0.5,0.5,0.699772497734611
113,37,0.1754992878232758,2,0,0.357,0.5,0.5,0.699772497734611
113,38,0.39022446876194566,1,0,0.357,0.5,0.5,0.699772497734611
113,39,0.0,0,1,0.357,0.5,0.5,0.699772497734611
113,40,0.0,0,1,0.357,0.5,0.5,0.699772497734611
113,41,0.0,0,1,0.357,0.5,0.5,0.699772497734611
113,42,0.0,0,1,0.357,0.5,0.5,0.699772497734611
113,43,0.0,0,1,0.357,0.5,0.5,0.699772497734611
113,44,1.285592323491865,1,0,0.357,0.5,0.5,0.699772497734611
113,45,0.0,0,1,0.357,0.5,0.5,0.699772497734611
113,46,0.0,0,1,0.357,0.5,0.5,0.699772497734611
113,47,0.0,0,1,0.357,0.5,0.5,0.699772497734611
113,48,0.010447273900365227,1,0,0.357,0.5,0.5,0.699772497734611
113,49,0.0,0,1,0.357,0.5,0.5,0.699772497734611
114,0,0.0,0,1,0.357,0.5,0.5,0.699772497734611
114,1,0.0,0,1,0.357,0.5,0.5,0.699772497734611
114,2,0.04302611427909221,1,0,0.357,0.5,0.5,0.699772497734611
114,3,0.0,0,1,0.357,0.5,0.5,0.699772497734611
114,4,0.0,0,1,0.357,0.5,0.5,0.699772497734611
114,5,0.0,0,1,0.357,0.5,0.5,0.699772497734611
114,6,0.0,0,1,0.357,0.5,0.5,0.699772497734611
114,7,0.758539210965624,1,0,0.357,0.5,0.5,0.699772497734611
114,8,0.0,0,1,0.357,0.5,0.5,0.699772497734611
114,9,0.0,0,1,0.357,0.5,0.5,0.699772497734611
114,10,0.0,0,1,0.357,0.5,0.5,0.699772497734611
114,11,0.19827324991390377,1,0,0.357,0.5,0.5,0.699772497734611
114,12,0.0,0,1,0.357,0.5,0.5,0.699772497734611
114,13,0.0,0,1,0.357,0.5,0.5,0.699772497734611
114,14,1.4741275968156322,1,0,0.357,0.5,0.5,0.699772497734611
114,15,0.0,0,1,0.357,0.5,0.5,0.699772497734611
114,16,1.6517611723089974e-06,1,0,0.357,0.5,0.5,0.699772497734611
114,17,0.0,0,1,0.357,0.5,0.5,0.699772497734611
114,18,0.0,0,1,0.357,0.5,0.5,0.699772497734611
114,19,2.693925388045039,1,0,0.357,0.5,0.5,0.699772497734611
114,20,0.0,0,1,0.357,0.5,0.5,0.699772497734611
114,21,0.0,0,1,0.357,0.5,0.5,0.699772497734611
114,22,0.002636803742331074,1,0,0.357,0.5,0.5,0.699772497734611
114,23,0.0,0,1,0.357,0.5,0.5,0.699772497734611
114,24,0.0,0,1,0.357,0.5,0.5,0.699772497734611
114,25,0.0,0,1,0.357,0.5,0.5,0.699772497734611
114,26,0.0,0,1,0.357,0.5,0.5,0.699772497734611
114,27,0.0,0,1,0.357,0.5,0.5,0.699772497734611
114,28,0.005826206739896356,1,0,0.357,0.5,0.5,0.699772497734611
114,29,0.0,0,1,0.357,0.5,0.5,0.699772497734611
114,30,0.0,0,1,0.357,0.5,0.5,0.699772497734611
114,31,0.0,0,1,0.357,0.5,0.5,0.699772497734611
114,32,0.13714173572016658,1,0,0.357,0.5,0.5,0.699772497734611
114,33,0.0,0,1,0.357,0.5,0.5,0.699772497734611
114,34,0.0,0,1,0.357,0.5,0.5,0.699772497734611
114,35,0.6310437354896383,2,0,0.357,0.5,0.5,0.699772497734611
114,36,0.0,0,1,0.357,0.5,0.5,0.699772497734611
114,37,0.0,0,1,0.357,0.5,0.5,0.699772497734611
114,38,1.078908492783687,3,0,0.357,0.5,0.5,0.699772497734611
114,39,0.0,0,1,0.357,0.5,0.5,0.699772497734611
114,40,0.7206327559121158,1,0,0.357,0.5,0.5,0.699772497734611
114,41,0.0,0,1,0.357,0.5,0.5,0.699772497734611
114,42,2.1153591740087294,1,0,0.357,0.5,0.5,0.699772497734611
114,43,0.0,0,1,0.357,0.5,0.5,0.699772497734611
114,44,0.002728675867417839,1,0,0.357,0.5,0.5,0.699772497734611
114,45,0.024977399615441726,1,0,0.357,0.5,0.5,0.699772497734611
114,46,0.0,0,1,0.357,0.5,0.5,0.699772497734611
114,47,2.4497948305613164,1,0,0.357,0.5,0.5,0.699772497734611
114,48,1.7400233884555807,1,0,0.357,0.5,0.5,0.699772497734611
114,49,0.0,0,1,0.357,0.5,0.5,0.699772497734611
115,0,0.0,0,1,0.357,0.5,0.5,0.699772497734611
115,1,0.5752442274732983,2,0,0.357,0.5,0.5,0.699772497734611
115,2,0.0,0,1,0.357,0.5,0.5,0.699772497734611
115,3,0.0,0,1,0.357,0.5,0.5,0.699772497734611
115,4,0.0,0,1,0.357,0.5,0.5,0.699772497734611
115,5,0.0,0,1,0.357,0.5,0.5,0.699772497734611
115,6,0.0,0,1,0.357,0.5,0.5,0.699772497734611
115,7,0.9396588190352065,1,0,0.357,0.5,0.5,0.699772497734611
115,8,0.0,0,1,0.357,0.5,0.5,0.699772497734611
115,9,0.0,0,1,0.357,0.5,0.5,0.699772497734611
115,10,0.0,0,1,0.357,0.5,0.5,0.699772497734611
115,11,0.0,0,1,0.357,0.5,0.5,0.699772497734611
115,12,0.0,0,1,0.357,0.5,0.5,0.699772497734611
115,13,0.0,0,1,0.357,0.5,0.5,0.699772497734611
115,14,0.3307967820252207,1,0,0.357,0.5,0.5,0.699772497734611
115,15,0.5938747711528211,1,0,0.357,0.5,0.5,0.699772497734611
115,16,0.0,0,1,0.357,0.5,0.5,0.699772497734611
115,17,0.0,0,1,0.357,0.5,0.5,0.699772497734611
115,18,3.0517611379597205,1,0,0.357,0.5,0.5,0.699772497734611
115,19,0.0,0,1,0.357,0.5,0.5,0.699772497734611
115,20,0.0,0,1,0.357,0.5,0.5,0.699772497734611
115,21,0.0,0,1,0.357,0.5,0.5,0.699772497734611
115,22,0.776478422955221,2,0,0.357,0.5,0.5,0.699772497734611
115,23,0.0,0,1,0.357,0.5,0.5,0.699772497734611
115,24,0.0,0,1,0.357,0.5,0.5,0.699772497734611
115,25,0.0,0,1,0.357,0.5,0.5,0.699772497734611
115,26,0.0,0,1,0.357,0.5,0.5,0.699772497734611
115,27,0.0,0,1,0.357,0.5,0.5,0.699772497734611
115,28,0.6110709657283975,1,0,0.357,0.5,0.5,0.699772497734611
115,29,0.0,0,1,0.357,0.5,0.5,0.699772497734611
115,30,0.0,0,1,0.357,0.5,0.5,0.699772497734611
115,31,0.0,0,1,0.357,0.5,0.5,0.699772497734611
115,32,0.13686181456302093,1,0,0.357,0.5,0.5,0.699772497734611
115,33,0.36070517701985744,1,0,0.357,0.5,0.5,0.699772497734611
115,34,0.07622840293653725,1,0,0.357,0.5,0.5,0.699772497734611
115,35,0.0,0,1,0.357,0.5,0.5,0.699772497734611
115,36,0.0,0,1,0.357,0.5,0.5,0.699772497734611
115,37,0.2857065643323957,1,0,0.357,0.5,0.5,0.699772497734611
115,38,0.0,0,1,0.357,0.5,0.5,0.699772497734611
115,39,0.0,0,1,0.357,0.5,0.5,0.699772497734611
115,40,0.0,0,1,0.357,0.5,0.5,0.699772497734611
115,41,0.0,0,1,0.357,0.5,0.5,0.699772497734611
115,42,0.0,0,1,0.357,0.5,0.5,0.699772497734611
115,43,0.0,0,1,0.357,0.5,0.5,0.699772497734611
115,44,0.0,0,1,0.357,0.5,0.5,0.699772497734611
115,45,0.1369294064736947,1,0,0.357,0.5,0.5,0.699772497734611
115,46,0.0,0,1,0.357,0.5,0.5,0.699772497734611
115,47,0.0,0,1,0.357,0.5,0.5,0.699772497734611
115,48,0.2382250742149982,1,0,0.357,0.5,0.5,0.699772497734611
115,49,0.0,0,1,0.357,0.5,0.5,0.699772497734611
116,0,0.3833600335501949,3,0,0.357,0.5,0.5,0.699772497734611
116,1,0.31912292292567535,1,0,0.357,0.5,0.5,0.699772497734611
116,2,0.0764958723333598,1,0,0.357,0.5,0.5,0.699772497734611
116,3,0.0,0,1,0.357,0.5,0.5,0.699772497734611
116,4,0.0,0,1,0.357,0.5,0.5,0.699772497734611
116,5,1.3112564522823698,1,0,0.357,0.5,0.5,0.699772497734611
116,6,0.0,0,1,0.357,0.5,0.5,0.699772497734611
116,7,0.0,0,1,0.357,0.5,0.5,0.699772497734611
116,8,0.0,0,1,0.357,0.5,0.5,0.699772497734611
116,9,0.0,0,1,0.357,0.5,0.5,0.699772497734611
116,10,0.0,0,1,0.357,0.5,0.5,0.699772497734611
116,11,0.0,0,1,0.357,0.5,0.5,0.699772497734611
116,12,0.21147604221774385,1,0,0.357,0.5,0.5,0.699772497734611
116,13,0.0,0,1,0.357,0.5,0.5,0.699772497734611
116,14,6.813232868968783,3,0,0.357,0.5,0.5,0.699772497734611
116,15,0.0,0,1,0.357,0.5,0.5,0.699772497734611
116,16,0.9700768083286873,1,0,0.357,0.5,0.5,0.699772497734611
116,17,0.0,0,1,0.357,0.5,0.5,0.699772497734611
116,18,0.0,0,1,0.357,0.5,0.5,0.699772497734611
116,19,0.0,0,1,0.357,0.5,0.5,0.699772497734611
116,20,0.0,0,1,0.357,0.5,0.5,0.699772497734611
116,21,0.0,0,1,0.357,0.5,0.5,0.699772497734611
116,22,3.7322629099284055,1,0,0.357,0.5,0.5,0.699772497734611
116,23,0.0,0,1,0.357,0.5,0.5,0.699772497734611
116,24,0.0,0,1,0.357,0.5,0.5,0.699772497734611
116,25,3.452928671215141,1,0,0.357,0.5,0.5,0.699772497734611
116,26,0.0,0,1,0.357,0.5,0.5,0.699772497734611
116,27,0.0,0,1,0.357,0.5,0.5,0.699772497734611
116,28,0.0,0,1,0.357,0.5,0.5,0.699772497734611
116,29,0.0,0,1,0.357,0.5,0.5,0.699772497734611
116,30,0.0,0,1,0.357,0.5,0.5,0.699772497734611
116,31,0.0,0,1,0.357,0.5,0.5,0.699772497734611
116,32,0.0,0,1,0.357,0.5,0.5,0.699772497734611
116,33,2.911607758022416,2,0,0.357,0.5,0.5,0.699772497734611
116,34,0.0,0,1,0.357,0.5,0.5,0.699772497734611
116,35,0.0,0,1,0.357,0.5,0.5,0.699772497734611
116,36,0.004851489935877448,1,0,0.357,0.5,0.5,0.699772497734611
116,37,0.012635262593381389,1,0,0.357,0.5,0.5,0.699772497734611
116,38,0.0,0,1,0.357,0.5,0.5,0.699772497734611
116,39,0.48698359698960797,2,0,0.357,0.5,0.5,0.699772497734611
116,40,0.0,0,1,0.357,0.5,0.5,0.699772497734611
116,41,0.0,0,1,0.357,0.5,0.5,0.699772497734611
116,42,0.0,0,1,0.357,0.5,0.5,0.699772497734611
116,43,0.0,0,1,0.357,0.5,0.5,0.699772497734611
116,44,1.1596440280399416,1,0,0.357,0.5,0.5,0.699772497734611
116,45,0.0,0,1,0.357,0.5,0.5,0.699772497734611
116,46,0.0,0,1,0.357,0.5,0.5,0.699772497734611
116,47,0.0,0,1,0.357,0.5,0.5,0.699772497734611
116,48,0.0,0,1,0.357,0.5,0.5,0.699772497734611
116,49,5.021636811576274,1,0,0.357,0.5,0.5,0.699772497734611
117,0,0.0,0,1,0.357,0.5,0.5,0.699772497734611
117,1,0.8969419074900947,1,0,0.357,0.5,0.5,0.699772497734611
117,2,0.03638849239655448,1,0,0.357,0.5,0.5,0.699772497734611
117,3,0.0,0,1,0.357,0.5,0.5,0.699772497734611
117,4,2.1226200444831718,1,0,0.357,0.5,0.5,0.699772497734611
117,5,0.0,0,1,0.357,0.5,0.5,0.699772497734611
117,6,0.0,0,1,0.357,0.5,0.5,0.699772497734611
117,7,0.0,0,1,0.357,0.5,0.5,0.699772497734611
117,8,0.0,0,1,0.357,0.5,0.5,0.699772497734611
117,9,0.09524300918317391,1,0,0.357,0.5,0.5,0.699772497734611
117,10,0.18547118813521252,1,0,0.357,0.5,0.5,0.699772497734611
117,11,0.4258396524891683,2,0,0.357,0.5,0.5,0.699772497734611
117,12,0.0,0,1,0.357,0.5,0.5,0.699772497734611
117,13,0.0,0,1,0.357,0.5,0.5,0.699772497734611
117,14,0.5513371169145507,1,0,0.357,0.5,0.5,0.699772497734611
117,15,0.0,0,1,0.357,0.5,0.5,0.699772497734611
117,16,5.01591338227569,1,0,0.357,0.5,0.5,0.699772497734611
117,17,0.0,0,1,0.357,0.5,0.5,0.699772497734611
117,18,2.9372220670550355,1,0,0.357,0.5,0.5,0.699772497734611
117,19,0.0,0,1,0.357,0.5,0.5,0.699772497734611
117,20,0.000543494800305874,1,0,0.357,0.5,0.5,0.699772497734611
117,21,0.0,0,1,0.357,0.5,0.5,0.699772497734611
117,22,0.0,0,1,0.357,0.5,0.5,0.699772497734611
117,23,0.4202393358438407,2,0,0.357,0.5,0.5,0.699772497734611
117,24,0.0,0,1,0.357,0.5,0.5,0.699772497734611
117,25,0.0,0,1,0.357,0.5,0.5,0.699772497734611
117,26,0.0,0,1,0.357,0.5,0.5,0.699772497734611
117,27,0.0,0,1,0.357,0.5,0.5,0.699772497734611
117,28,0.0,0,1,0.357,0.5,0.5,0.699772497734611
117,29,0.9789082908579194,1,0,0.357,0.5,0.5,0.699772497734611
117,30,1.7357378281479403,1,0,0.357,0.5,0.5,0.699772497734611
117,31,0.0,0,1,0.357,0.5,0.5,0.699772497734611
117,32,1.6036381541705482,3,0,0.357,0.5,0.5,0.699772497734611
117,33,4.2326321819116846,1,0,0.357,0.5,0.5,0.699772497734611
117,34,0.0,0,1,0.357,0.5,0.5,0.699772497734611
117,35,0.0,0,1,0.357,0.5,0.5,0.699772497734611
117,36,0.0,0,1,0.357,0.5,0.5,0.699772497734611
117,37,0.0,0,1,0.357,0.5,0.5,0.699772497734611
117,38,0.0,0,1,0.357,0.5,0.5,0.699772497734611
117,39,0.0,0,1,0.357,0.5,0.5,0.699772497734611
117,40,0.0,0,1,0.357,0.5,0.5,0.699772497734611
117,41,0.0031064907733036507,1,0,0.357,0.5,0.5,0.699772497734611
117,42,0.0,0,1,0.357,0.5,0.5,0.699772497734611
117,43,0.0,0,1,0.357,0.5,0.5,0.699772497734611
117,44,1.4109971228305365,2,0,0.357,0.5,0.5,0.699772497734611
117,45,0.0,0,1,0.357,0.5,0.5,0.699772497734611
117,46,0.0,0,1,0.357,0.5,0.5,0.699772497734611
117,47,4.185733154862647,1,0,0.357,0.5,0.5,0.699772497734611
117,48,0.0,0,1,0.357,0.5,0.5,0.699772497734611
117,49,0.0,0,1,0.357,0.5,0.5,0.699772497734611
118,0,0.0,0,1,0.357,0.5,0.5,0.699772497734611
118,1,0.0,0,1,0.357,0.5,0.5,0.699772497734611
118,2,0.0,0,1,0.357,0.5,0.5,0.699772497734611
118,3,0.0,0,1,0.357,0.5,0.5,0.699772497734611
118,4,0.0,0,1,0.357,0.5,0.5,0.699772497734611
118,5,0.12054667820660056,2,0,0.357,0.5,0.5,0.699772497734611
118,6,0.6624125638060576,1,0,0.357,0.5,0.5,0.699772497734611
118,7,0.0,0,1,0.357,0.5,0.5,0.699772497734611
118,8,0.0,0,1,0.357,0.5,0.5,0.699772497734611
118,9,3.311156270210051,1,0,0.357,0.5,0.5,0.699772497734611
118,10,0.006304173500326681,1,0,0.357,0.5,0.5,0.699772497734611
118,11,0.0,0,1,0.357,0.5,0.5,0.699772497734611
118,12,0.0,0,1,0.357,0.5,0.5,0.699772497734611
118,13,0.0,0,1,0.357,0.5,0.5,0.699772497734611
118,14,0.0,0,1,0.357,0.5,0.5,0.699772497734611
118,15,0.0,0,1,0.357,0.5,0.5,0.699772497734611
118,16,0.0,0,1,0.357,0.5,0.5,0.699772497734611
118,17,3.015939484220953,2,0,0.357,0.5,0.5,0.699772497734611
118,18,0.0,0,1,0.357,0.5,0.5,0.699772497734611
118,19,0.0,0,1,0.357,0.5,0.5,0.699772497734611
118,20,0.9263033729644344,1,0,0.357,0.5,0.5,0.699772497734611
118,21,0.3978924188123494,1,0,0.357,0.5,0.5,0.699772497734611
118,22,0.0,0,1,0.357,0.5,0.5,0.699772497734611
118,23,0.0,0,1,0.357,0.5,0.5,0.699772497734611
118,24,0.0,0,1,0.357,0.5,0.5,0.699772497734611
118,25,0.0,0,1,0.357,0.5,0.5,0.699772497734611
118,26,0.0,0,1,0.357,0.5,0.5,0.699772497734611
118,27,0.0,0,1,0.357,0.5,0.5,0.699772497734611
118,28,0.0,0,1,0.357,0.5,0.5,0.699772497734611
118,29,1.0581653528385189,1,0,0.357,0.5,0.5,0.699772497734611
118,30,0.0,0,1,0.357,0.5,0.5,0.699772497734611
118,31,0.0,0,1,0.357,0.5,0.5,0.699772497734611
118,32,0.517323865391412,1,0,0.357,0.5,0.5,0.699772497734611
118,33,0.0,0,1,0.357,0.5,0.5,0.699772497734611
118,34,0.0,0,1,0.357,0.5,0.5,0.699772497734611
118,35,0.0,0,1,0.357,0.5,0.5,0.699772497734611
118,36,0.06418883214153105,1,0,0.357,0.5,0.5,0.699772497734611
118,37,0.0,0,1,0.357,0.5,0.5,0.699772497734611
118,38,0.0,0,1,0.357,0.5,0.5,0.699772497734611
118,39,0.0,0,1,0.357,0.5,0.5,0.699772497734611
118,40,0.0,0,1,0.357,0.5,0.5,0.699772497734611
118,41,0.0,0,1,0.357,0.5,0.5,0.699772497734611
118,42,0.0,0,1,0.357,0.5,0.5,0.699772497734611
118,43,0.0014831449220472815,1,0,0.357,0.5,0.5,0.699772497734611
118,44,0.2986602119284325,1,0,0.357,0.5,0.5,0.699772497734611
118,45,3.0278357278009462,2,0,0.357,0.5,0.5,0.699772497734611
118,46,0.0,0,1,0.357,0.5,0.5,0.699772497734611
118,47,0.0,0,1,0.357,0.5,0.5,0.699772497734611
118,48,0.0,0,1,0.357,0.5,0.5,0.699772497734611
118,49,0.0,0,1,0.357,0.5,0.5,0.699772497734611
119,0,0.0,0,1,0.357,0.5,0.5,0.699772497734611
119,1,0.0,0,1,0.357,0.5,0.5,0.699772497734611
119,2,0.002165965097770595,1,0,0.357,0.5,0.5,0.699772497734611
119,3,0.6220367541163808,1,0,0.357,0.5,0.5,0.699772497734611
119,4,2.016418178056025,3,0,0.357,0.5,0.5,0.699772497734611
119,5,0.0,0,1,0.357,0.5,0.5,0.699772497734611
119,6,0.0,0,1,0.357,0.5,0.5,0.699772497734611
119,7,0.0,0,1,0.357,0.5,0.5,0.699772497734611
119,8,0.7544605724451732,1,0,0.357,0.5,0.5,0.699772497734611
119,9,0.0,0,1,0.357,0.5,0.5,0.699772497734611
119,10,0.0,0,1,0.357,0.5,0.5,0.699772497734611
119,11,0.8740321854923137,1,0,0.357,0.5,0.5,0.699772497734611
119,12,5.3276619227934034,1,0,0.357,0.5,0.5,0.699772497734611
119,13,0.0,0,1,0.357,0.5,0.5,0.699772497734611
119,14,0.21204633655770225,1,0,0.357,0.5,0.5,0.699772497734611
119,15,0.0,0,1,0.357,0.5,0.5,0.699772497734611
119,16,0.1339405692701859,1,0,0.357,0.5,0.5,0.699772497734611
119,17,0.26399160136438804,1,0,0.357,0.5,0.5,0.699772497734611
119,18,0.0,0,1,0.357,0.5,0.5,0.699772497734611
119,19,0.0,0,1,0.357,0.5,0.5,0.699772497734611
119,20,0.0,0,1,0.357,0.5,0.5,0.699772497734611
119,21,0.004486940086513271,1,0,0.357,0.5,0.5,0.699772497734611
119,22,0.0,0,1,0.357,0.5,0.5,0.699772497734611
119,23,0.0,0,1,0.357,0.5,0.5,0.699772497734611
119,24,0.0,0,1,0.357,0.5,0.5,0.699772497734611
119,25,0.0,0,1,0.357,0.5,0.5,0.699772497734611
119,26,1.2864689102273996,1,0,0.357,0.5,0.5,0.699772497734611
119,27,0.0,0,1,0.357,0.5,0.5,0.699772497734611
119,28,0.22586272523145437,1,0,0.357,0.5,0.5,0.699772497734611
119,29,0.0,0,1,0.357,0.5,0.5,0.699772497734611
119,30,0.0,0,1,0.357,0.5,0.5,0.699772497734611
119,31,0.7538042699021422,1,0,0.357,0.5,0.5,0.699772497734611
119,32,0.0,0,1,0.357,0.5,0.5,0.699772497734611
119,33,9.91359949299277,1,0,0.357,0.5,0.5,0.699772497734611
119,34,0.3148324186867257,1,0,0.357,0.5,0.5,0.699772497734611
119,35,0.0,0,1,0.357,0.5,0.5,0.699772497734611
119,36,0.0,0,1,0.357,0.5,0.5,0.699772497734611
119,37,0.0,0,1,0.357,0.5,0.5,0.699772497734611
119,38,0.0,0,1,0.357,0.5,0.5,0.699772497734611
119,39,0.0,0,1,0.357,0.5,0.5,0.699772497734611
119,40,0.10931806459409728,1,0,0.357,0.5,0.5,0.699772497734611
119,41,0.0,0,1,0.357,0.5,0.5,0.699772497734611
119,42,0.0,0,1,0.357,0.5,0.5,0.699772497734611
119,43,0.0,0,1,0.357,0.5,0.5,0.699772497734611
119,44,0.0,0,1,0.357,0.5,0.5,0.699772497734611
119,45,0.0,0,1,0.357,0.5,0.5,0.699772497734611
119,46,0.0,0,1,0.357,0.5,0.5,0.699772497734611
119,47,0.13162013205305245,1,0,0.357,0.5,0.5,0.699772497734611
119,48,0.0,0,1,0.357,0.5,0.5,0.699772497734611
119,49,1.382600769285019,1,0,0.357,0.5,0.5,0.699772497734611
120,0,0.002413512554393868,1,0,0.357,0.5,0.5,0.699772497734611
120,1,0.0,0,1,0.357,0.5,0.5,0.699772497734611
120,2,0.0,0,1,0.357,0.5,0.5,0.699772497734611
120,3,0.0,0,1,0.357,0.5,0.5,0.699772497734611
120,4,0.0,0,1,0.357,0.5,0.5,0.699772497734611
120,5,0.0,0,1,0.357,0.5,0.5,0.699772497734611
120,6,0.0,0,1,0.357,0.5,0.5,0.699772497734611
120,7,0.18317113109309677,1,0,0.357,0.5,0.5,0.699772497734611
120,8,0.0048001902654607334,1,0,0.357,0.5,0.5,0.699772497734611
120,9,0.0,0,1,0.357,0.5,0.5,0.699772497734611
120,10,0.0,0,1,0.357,0.5,0.5,0.699772497734611
120,11,0.0,0,1,0.357,0.5,0.5,0.699772497734611
120,12,0.0,0,1,0.357,0.5,0.5,0.699772497734611
120,13,0.0,0,1,0.357,0.5,0.5,0.699772497734611
120,14,4.043804708180777,1,0,0.357,0.5,0.5,0.699772497734611
120,15,0.8375034655538568,1,0,0.357,0.5,0.5,0.699772497734611
120,16,3.8623358834944613e-05,1,0,0.357,0.5,0.5,0.699772497734611
120,17,1.0279895349817865,1,0,0.357,0.5,0.5,0.699772497734611
120,18,0.0,0,1,0.357,0.5,0.5,0.699772497734611
120,19,0.0,0,1,0.357,0.5,0.5,0.699772497734611
120,20,0.0,0,1,0.357,0.5,0.5,0.699772497734611
120,21,0.0,0,1,0.357,0.5,0.5,0.699772497734611
120,22,0.0,0,1,0.357,0.5,0.5,0.699772497734611
120,23,1.056053249984252,2,0,0.357,0.5,0.5,0.699772497734611
120,24,0.0,0,1,0.357,0.5,0.5,0.699772497734611
120,25,0.0,0,1,0.357,0.5,0.5,0.699772497734611
120,26,0.7244034945182439,1,0,0.357,0.5,0.5,0.699772497734611
120,27,0.0,0,1,0.357,0.5,0.5,0.699772497734611
120,28,4.491394075421931,1,0,0.357,0.5,0.5,0.699772497734611
120,29,0.0,0,1,0.357,0.5,0.5,0.699772497734611
120,30,0.8301339098360432,1,0,0.357,0.5,0.5,0.699772497734611
120,31,0.3595806704698402,1,0,0.357,0.5,0.5,0.699772497734611
120,32,2.477194397550006,2,0,0.357,0.5,0.5,0.699772497734611
120,33,0.0,0,1,0.357,0.5,0.5,0.699772497734611
120,34,0.0,0,1,0.357,0.5,0.5,0.699772497734611
120,35,1.5397292822418585,2,0,0.357,0.5,0.5,0.699772497734611
120,36,0.0,0,1,0.357,0.5,0.5,0.699772497734611
120,37,0.0,0,1,0.357,0.5,0.5,0.699772497734611
120,38,0.0,0,1,0.357,0.5,0.5,0.699772497734611
120,39,0.01966765076749079,1,0,0.357,0.5,0.5,0.699772497734611
120,40,0.0,0,1,0.357,0.5,0.5,0.699772497734611
120,41,0.0,0,1,0.357,0.5,0.5,0.699772497734611
120,42,0.0,0,1,0.357,0.5,0.5,0.699772497734611
120,43,0.0,0,1,0.357,0.5,0.5,0.699772497734611
120,44,0.0,0,1,0.357,0.5,0.5,0.699772497734611
120,45,0.0,0,1,0.357,0.5,0.5,0.699772497734611
120,46,0.0,0,1,0.357,0.5,0.5,0.699772497734611
120,47,0.0,0,1,0.357,0.5,0.5,0.699772497734611
120,48,0.0,0,1,0.357,0.5,0.5,0.699772497734611
120,49,0.0,0,1,0.357,0.5,0.5,0.699772497734611
121,0,0.0,0,1,0.357,0.5,0.5,0.699772497734611
121,1,0.0,0,1,0.357,0.5,0.5,0.699772497734611
121,2,0.0,0,1,0.357,0.5,0.5,0.699772497734611
121,3,0.0,0,1,0.357,0.5,0.5,0.699772497734611
121,4,0.2601995206487491,1,0,0.357,0.5,0.5,0.699772497734611
121,5,0.0,0,1,0.357,0.5,0.5,0.699772497734611
121,6,0.0,0,1,0.357,0.5,0.5,0.699772497734611
121,7,0.0,0,1,0.357,0.5,0.5,0.699772497734611
121,8,0.2943438702167205,1,0,0.357,0.5,0.5,0.699772497734611
121,9,1.6616022540238335,1,0,0.357,0.5,0.5,0.699772497734611
121,10,0.0,0,1,0.357,0.5,0.5,0.699772497734611
121,11,0.0,0,1,0.357,0.5,0.5,0.699772497734611
121,12,0.0,0,1,0.357,0.5,0.5,0.699772497734611
121,13,0.006812127850601602,1,0,0.357,0.5,0.5,0.699772497734611
121,14,0.0,0,1,0.357,0.5,0.5,0.699772497734611
121,15,0.5709896919605059,2,0,0.357,0.5,0.5,0.699772497734611
121,16,0.8530887958163325,1,0,0.357,0.5,0.5,0.699772497734611
121,17,0.0,0,1,0.357,0.5,0.5,0.699772497734611
121,18,0.0,0,1,0.357,0.5,0.5,0.699772497734611
121,19,0.0,0,1,0.357,0.5,0.5,0.699772497734611
121,20,0.0,0,1,0.357,0.5,0.5,0.699772497734611
121,21,0.002945791639234884,1,0,0.357,0.5,0.5,0.699772497734611
121,22,0.0,0,1,0.357,0.5,0.5,0.699772497734611
121,23,0.0,0,1,0.357,0.5,0.5,0.699772497734611
121,24,1.3834692592810929,1,0,0.357,0.5,0.5,0.699772497734611
121,25,0.0,0,1,0.357,0.5,0.5,0.699772497734611
121,26,4.2662291591015595,1,0,0.357,0.5,0.5,0.699772497734611
121,27,1.4039220158065537,1,0,0.357,0.5,0.5,0.699772497734611
121,28,3.5245017054885452,2,0,0.357,0.5,0.5,0.699772497734611
121,29,0.0,0,1,0.357,0.5,0.5,0.699772497734611
121,30,0.0,0,1,0.357,0.5,0.5,0.699772497734611
121,31,0.0,0,1,0.357,0.5,0.5,0.699772497734611
121,32,0.0,0,1,0.357,0.5,0.5,0.699772497734611
121,33,0.0,0,1,0.357,0.5,0.5,0.699772497734611
121,34,0.13781281668148807,1,0,0.357,0.5,0.5,0.699772497734611
121,35,1.648142914223638,1,0,0.357,0.5,0.5,0.699772497734611
121,36,0.6545633263218408,1,0,0.357,0.5,0.5,0.699772497734611
121,37,0.0,0,1,0.357,0.5,0.5,0.699772497734611
121,38,0.0,0,1,0.357,0.5,0.5,0.699772497734611
121,39,0.0,0,1,0.357,0.5,0.5,0.699772497734611
121,40,0.0,0,1,0.357,0.5,0.5,0.699772497734611
121,41,0.0,0,1,0.357,0.5,0.5,0.699772497734611
121,42,0.0,0,1,0.357,0.5,0.5,0.699772497734611
121,43,0.0,0,1,0.357,0.5,0.5,0.699772497734611
121,44,0.0,0,1,0.357,0.5,0.5,0.699772497734611
121,45,0.0,0,1,0.357,0.5,0.5,0.699772497734611
121,46,0.0,0,1,0.357,0.5,0.5,0.699772497734611
121,47,0.0,0,1,0.357,0.5,0.5,0.699772497734611
121,48,0.0,0,1,0.357,0.5,0.5,0.699772497734611
121,49,0.0,0,1,0.357,0.5,0.5,0.699772497734611
122,0,1.557706407002509,1,0,0.357,0.5,0.5,0.699772497734611
122,1,9.561828802825391e-05,1,0,0.357,0.5,0.5,0.699772497734611
122,2,0.0,0,1,0.357,0.5,0.5,0.699772497734611
122,3,0.17247649766694126,1,0,0.357,0.5,0.5,0.699772497734611
122,4,0.0,0,1,0.357,0.5,0.5,0.699772497734611
122,5,0.0,0,1,0.357,0.5,0.5,0.699772497734611
122,6,0.0,0,1,0.357,0.5,0.5,0.699772497734611
122,7,0.0,0,1,0.357,0.5,0.5,0.699772497734611
122,8,3.4208567530128926,1,0,0.357,0.5,0.5,0.699772497734611
122,9,0.0,0,1,0.357,0.5,0.5,0.699772497734611
122,10,0.0,0,1,0.357,0.5,0.5,0.699772497734611
122,11,0.0,0,1,0.357,0.5,0.5,0.699772497734611
122,12,0.0,0,1,0.357,0.5,0.5,0.699772497734611
122,13,0.0,0,1,0.357,0.5,0.5,0.699772497734611
122,14,2.104567553161692,1,0,0.357,0.5,0.5,0.699772497734611
122,15,0.0,0,1,0.357,0.5,0.5,0.699772497734611
122,16,0.81117839530397,1,0,0.357,0.5,0.5,0.699772497734611
122,17,0.0,0,1,0.357,0.5,0.5,0.699772497734611
122,18,0.0,0,1,0.357,0.5,0.5,0.699772497734611
122,19,0.0,0,1,0.357,0.5,0.5,0.699772497734611
122,20,0.0,0,1,0.357,0.5,0.5,0.699772497734611
122,21,0.0,0,1,0.357,0.5,0.5,0.699772497734611
122,22,0.4774569159816585,1,0,0.357,0.5,0.5,0.699772497734611
122,23,0.25501328699538434,1,0,0.357,0.5,0.5,0.699772497734611
122,24,0.0,0,1,0.357,0.5,0.5,0.699772497734611
122,25,0.0,0,1,0.357,0.5,0.5,0.699772497734611
122,26,0.0,0,1,0.357,0.5,0.5,0.699772497734611
122,27,0.0,0,1,0.357,0.5,0.5,0.699772497734611
122,28,0.0,0,1,0.357,0.5,0.5,0.699772497734611
122,29,0.0,0,1,0.357,0.5,0.5,0.699772497734611
122,30,3.3976090846026756,2,0,0.357,0.5,0.5,0.699772497734611
122,31,0.04552205552952898,1,0,0.357,0.5,0.5,0.699772497734611
122,32,0.0,0,1,0.357,0.5,0.5,0.699772497734611
122,33,1.25763864556213,1,0,0.357,0.5,0.5,0.699772497734611
122,34,0.0,0,1,0.357,0.5,0.5,0.699772497734611
122,35,1.8693776780972413,2,0,0.357,0.5,0.5,0.699772497734611
122,36,0.0,0,1,0.357,0.5,0.5,0.699772497734611
122,37,0.0,0,1,0.357,0.5,0.5,0.699772497734611
122,38,0.0,0,1,0.357,0.5,0.5,0.699772497734611
122,39,1.1183772877866827,1,0,0.357,0.5,0.5,0.699772497734611
122,40,0.7423783214840997,1,0,0.357,0.5,0.5,0.699772497734611
122,41,0.0,0,1,0.357,0.5,0.5,0.699772497734611
122,42,0.0,0,1,0.357,0.5,0.5,0.699772497734611
122,43,0.0,0,1,0.357,0.5,0.5,0.699772497734611
122,44,0.0,0,1,0.357,0.5,0.5,0.699772497734611
122,45,0.9354171823239641,1,0,0.357,0.5,0.5,0.699772497734611
122,46,0.0,0,1,0.357,0.5,0.5,0.699772497734611
122,47,0.0,0,1,0.357,0.5,0.5,0.699772497734611
122,48,0.0,0,1,0.357,0.5,0.5,0.699772497734611
122,49,0.0,0,1,0.357,0.5,0.5,0.699772497734611
123,0,0.0,0,1,0.357,0.5,0.5,0.699772497734611
123,1,0.3305599633581201,1,0,0.357,0.5,0.5,0.699772497734611
123,2,0.0,0,1,0.357,0.5,0.5,0.699772497734611
123,3,0.0,0,1,0.357,0.5,0.5,0.699772497734611
123,4,0.0,0,1,0.357,0.5,0.5,0.699772497734611
123,5,0.0,0,1,0.357,0.5,0.5,0.699772497734611
123,6,1.1246764870063601,1,0,0.357,0.5,0.5,0.699772497734611
123,7,0.0,0,1,0.357,0.5,0.5,0.699772497734611
123,8,0.036425512989574055,1,0,0.357,0.5,0.5,0.699772497734611
123,9,0.09164775109193808,1,0,0.357,0.5,0.5,0.699772497734611
123,10,1.5843635239093379,1,0,0.357,0.5,0.5,0.699772497734611
123,11,0.0,0,1,0.357,0.5,0.5,0.699772497734611
123,12,8.063127886212728,1,0,0.357,0.5,0.5,0.699772497734611
123,13,0.0,0,1,0.357,0.5,0.5,0.699772497734611
123,14,0.0,0,1,0.357,0.5,0.5,0.699772497734611
123,15,0.0,0,1,0.357,0.5,0.5,0.699772497734611
123,16,0.0,0,1,0.357,0.5,0.5,0.699772497734611
123,17,0.0,0,1,0.357,0.5,0.5,0.699772497734611
123,18,0.0,0,1,0.357,0.5,0.5,0.699772497734611
123,19,0.43109778783510333,1,0,0.357,0.5,0.5,0.699772497734611
123,20,0.0,0,1,0.357,0.5,0.5,0.699772497734611
123,21,0.049993215275234794,1,0,0.357,0.5,0.5,0.699772497734611
123,22,1.0376863483283305,2,0,0.357,0.5,0.5,0.699772497734611
123,23,0.0,0,1,0.357,0.5,0.5,0.699772497734611
123,24,0.0,0,1,0.357,0.5,0.5,0.699772497734611
123,25,1.5526318558753687,1,0,0.357,0.5,0.5,0.699772497734611
123,26,0.0,0,1,0.357,0.5,0.5,0.699772497734611
123,27,0.0,0,1,0.357,0.5,0.5,0.699772497734611
123,28,0.0,0,1,0.357,0.5,0.5,0.699772497734611
123,29,0.0,0,1,0.357,0.5,0.5,0.699772497734611
123,30,0.0,0,1,0.357,0.5,0.5,0.699772497734611
123,31,0.16112567041131465,1,0,0.357,0.5,0.5,0.699772497734611
123,32,0.013237407296152547,1,0,0.357,0.5,0.5,0.699772497734611
123,33,0.0,0,1,0.357,0.5,0.5,0.699772497734611
123,34,0.0,0,1,0.357,0.5,0.5,0.699772497734611
123,35,0.03131856028542207,1,0,0.357,0.5,0.5,0.699772497734611
123,36,0.0,0,1,0.357,0.5,0.5,0.699772497734611
123,37,0.06938314419081101,1,0,0.357,0.5,0.5,0.699772497734611
123,38,0.0,0,1,0.357,0.5,0.5,0.699772497734611
123,39,0.0,0,1,0.357,0.5,0.5,0.699772497734611
123,40,1.8880843259629718,1,0,0.357,0.5,0.5,0.699772497734611
123,41,0.0,0,1,0.357,0.5,0.5,0.699772497734611
123,42,0.0,0,1,0.357,0.5,0.5,0.699772497734611
123,43,0.0,0,1,0.357,0.5,0.5,0.699772497734611
123,44,0.0,0,1,0.357,0.5,0.5,0.699772497734611
123,45,2.2004636331335914,1,0,0.357,0.5,0.5,0.699772497734611
123,46,0.0,0,1,0.357,0.5,0.5,0.699772497734611
123,47,2.159856325595866,1,0,0.357,0.5,0.5,0.699772497734611
123,48,0.0,0,1,0.357,0.5,0.5,0.699772497734611
123,49,0.0,0,1,0.357,0.5,0.5,0.699772497734611
124,0,0.0,0,1,0.357,0.5,0.5,0.699772497734611
124,1,0.0,0,1,0.357,0.5,0.5,0.699772497734611
124,2,0.0130793593303111,1,0,0.357,0.5,0.5,0.699772497734611
124,3,0.2751507058958625,1,0,0.357,0.5,0.5,0.699772497734611
124,4,2.7445496382314385,1,0,0.357,0.5,0.5,0.699772497734611
124,5,0.004980225847647064,1,0,0.357,0.5,0.5,0.699772497734611
124,6,0.09575645661068433,2,0,0.357,0.5,0.5,0.699772497734611
124,7,0.0,0,1,0.357,0.5,0.5,0.699772497734611
124,8,0.0,0,1,0.357,0.5,0.5,0.699772497734611
124,9,0.0,0,1,0.357,0.5,0.5,0.699772497734611
124,10,0.0,0,1,0.357,0.5,0.5,0.699772497734611
124,11,0.0,0,1,0.357,0.5,0.5,0.699772497734611
124,12,0.0,0,1,0.357,0.5,0.5,0.699772497734611
124,13,0.0,0,1,0.357,0.5,0.5,0.699772497734611
124,14,1.7877012765807017,1,0,0.357,0.5,0.5,0.699772497734611
124,15,0.0,0,1,0.357,0.5,0.5,0.699772497734611
124,16,0.0,0,1,0.357,0.5,0.5,0.699772497734611
124,17,0.0,0,1,0.357,0.5,0.5,0.699772497734611
124,18,0.0,0,1,0.357,0.5,0.5,0.699772497734611
124,19,0.0,0,1,0.357,0.5,0.5,0.699772497734611
124,20,5.036649545235254,2,0,0.357,0.5,0.5,0.699772497734611
124,21,0.0,0,1,0.357,0.5,0.5,0.699772497734611
124,22,0.07654912366047344,1,0,0.357,0.5,0.5,0.699772497734611
124,23,0.0,0,1,0.357,0.5,0.5,0.699772497734611
124,24,3.4622187124209036,1,0,0.357,0.5,0.5,0.699772497734611
124,25,0.0,0,1,0.357,0.5,0.5,0.699772497734611
124,26,0.00394145898229021,1,0,0.357,0.5,0.5,0.699772497734611
124,27,0.0,0,1,0.357,0.5,0.5,0.699772497734611
124,28,0.0,0,1,0.357,0.5,0.5,0.699772497734611
124,29,0.07283715778608592,1,0,0.357,0.5,0.5,0.699772497734611
124,30,0.0,0,1,0.357,0.5,0.5,0.699772497734611
124,31,0.0,0,1,0.357,0.5,0.5,0.699772497734611
124,32,0.0,0,1,0.357,0.5,0.5,0.699772497734611
124,33,0.0,0,1,0.357,0.5,0.5,0.699772497734611
124,34,0.0,0,1,0.357,0.5,0.5,0.699772497734611
124,35,0.0,0,1,0.357,0.5,0.5,0.699772497734611
124,36,0.0,0,1,0.357,0.5,0.5,0.699772497734611
124,37,2.626747561565903,1,0,0.357,0.5,0.5,0.699772497734611
124,38,0.0,0,1,0.357,0.5,0.5,0.699772497734611
124,39,0.3719743753413067,1,0,0.357,0.5,0.5,0.699772497734611
124,40,0.0,0,1,0.357,0.5,0.5,0.699772497734611
124,41,0.0,0,1,0.357,0.5,0.5,0.699772497734611
124,42,0.4232678980271835,1,0,0.357,0.5,0.5,0.699772497734611
124,43,0.7303414975349743,1,0,0.357,0.5,0.5,0.699772497734611
124,44,0.1645881939031888,1,0,0.357,0.5,0.5,0.699772497734611
124,45,0.0,0,1,0.357,0.5,0.5,0.699772497734611
124,46,0.0,0,1,0.357,0.5,0.5,0.699772497734611
124,47,0.0,0,1,0.357,0.5,0.5,0.699772497734611
124,48,2.6460094113622534,1,0,0.357,0.5,0.5,0.699772497734611
124,49,0.0,0,1,0.357,0.5,0.5,0.699772497734611
125,0,0.0,0,1,0.357,0.5,0.5,0.699772497734611
125,1,0.4540648592449255,1,0,0.357,0.5,0.5,0.699772497734611
125,2,0.0,0,1,0.357,0.5,0.5,0.699772497734611
125,3,1.4003145786797617,1,0,0.357,0.5,0.5,0.699772497734611
125,4,0.0,0,1,0.357,0.5,0.5,0.699772497734611
125,5,0.0,0,1,0.357,0.5,0.5,0.699772497734611
125,6,0.0,0,1,0.357,0.5,0.5,0.699772497734611
125,7,0.0,0,1,0.357,0.5,0.5,0.699772497734611
125,8,1.8777205414383946,1,0,0.357,0.5,0.5,0.699772497734611
125,9,0.0,0,1,0.357,0.5,0.5,0.699772497734611
125,10,1.8063086643860686,1,0,0.357,0.5,0.5,0.699772497734611
125,11,0.0,0,1,0.357,0.5,0.5,0.699772497734611
125,12,1.2897131922102594,1,0,0.357,0.5,0.5,0.699772497734611
125,13,0.0,0,1,0.357,0.5,0.5,0.699772497734611
125,14,0.0,0,1,0.357,0.5,0.5,0.699772497734611
125,15,1.447587304621332,2,0,0.357,0.5,0.5,0.699772497734611
125,16,0.10844475771864664,1,0,0.357,0.5,0.5,0.699772497734611
125,17,0.0,0,1,0.357,0.5,0.5,0.699772497734611
125,18,3.744201255975716,2,0,0.357,0.5,0.5,0.699772497734611
125,19,0.0,0,1,0.357,0.5,0.5,0.699772497734611
125,20,0.1057819165208172,1,0,0.357,0.5,0.5,0.699772497734611
125,21,2.364546181186388,2,0,0.357,0.5,0.5,0.699772497734611
125,22,0.0,0,1,0.357,0.5,0.5,0.699772497734611
125,23,0.0,0,1,0.357,0.5,0.5,0.699772497734611
125,24,0.01993041268824077,1,0,0.357,0.5,0.5,0.699772497734611
125,25,0.0,0,1,0.357,0.5,0.5,0.699772497734611
125,26,0.0,0,1,0.357,0.5,0.5,0.699772497734611
125,27,0.0,0,1,0.357,0.5,0.5,0.699772497734611
125,28,0.81360823876877,1,0,0.357,0.5,0.5,0.699772497734611
125,29,0.0,0,1,0.357,0.5,0.5,0.699772497734611
125,30,0.21957005517610356,1,0,0.357,0.5,0.5,0.699772497734611
125,31,0.0,0,1,0.357,0.5,0.5,0.699772497734611
125,32,0.0,0,1,0.357,0.5,0.5,0.699772497734611
125,33,0.0,0,1,0.357,0.5,0.5,0.699772497734611
125,34,0.0,0,1,0.357,0.5,0.5,0.699772497734611
125,35,0.07526020757977116,1,0,0.357,0.5,0.5,0.699772497734611
125,36,0.018935512750271926,1,0,0.357,0.5,0.5,0.699772497734611
125,37,0.0,0,1,0.357,0.5,0.5,0.699772497734611
125,38,0.0,0,1,0.357,0.5,0.5,0.699772497734611
125,39,0.0,0,1,0.357,0.5,0.5,0.699772497734611
125,40,0.0,0,1,0.357,0.5,0.5,0.699772497734611
125,41,0.0,0,1,0.357,0.5,0.5,0.699772497734611
125,42,2.3928192220855133,1,0,0.357,0.5,0.5,0.699772497734611
125,43,0.0,0,1,0.357,0.5,0.5,0.699772497734611
125,44,0.854456211987442,2,0,0.357,0.5,0.5,0.699772497734611
125,45,0.0,0,1,0.357,0.5,0.5,0.699772497734611
125,46,0.0,0,1,0.357,0.5,0.5,0.699772497734611
125,47,0.0,0,1,0.357,0.5,0.5,0.699772497734611
125,48,0.0,0,1,0.357,0.5,0.5,0.699772497734611
125,49,1.1111699673446676,1,0,0.357,0.5,0.5,0.699772497734611
126,0,0.0,0,1,0.357,0.5,0.5,0.699772497734611
126,1,0.3222059325598225,1,0,0.357,0.5,0.5,0.699772497734611
126,2,0.0,0,1,0.357,0.5,0.5,0.699772497734611
126,3,0.0,0,1,0.357,0.5,0.5,0.699772497734611
126,4,0.0,0,1,0.357,0.5,0.5,0.699772497734611
126,5,0.0,0,1,0.357,0.5,0.5,0.699772497734611
126,6,0.10311172027293612,1,0,0.357,0.5,0.5,0.699772497734611
126,7,0.0,0,1,0.357,0.5,0.5,0.699772497734611
126,8,0.0,0,1,0.357,0.5,0.5,0.699772497734611
126,9,0.375836231237089,1,0,0.357,0.5,0.5,0.699772497734611
126,10,0.0,0,1,0.357,0.5,0.5,0.699772497734611
126,11,1.316620563803588,1,0,0.357,0.5,0.5,0.699772497734611
126,12,0.4242635836947139,1,0,0.357,0.5,0.5,0.699772497734611
126,13,0.0,0,1,0.357,0.5,0.5,0.699772497734611
126,14,0.0,0,1,0.357,0.5,0.5,0.699772497734611
126,15,0.01353581921532781,1,0,0.357,0.5,0.5,0.699772497734611
126,16,0.07979926500472656,1,0,0.357,0.5,0.5,0.699772497734611
126,17,0.18288944580158845,1,0,0.357,0.5,0.5,0.699772497734611
126,18,0.0,0,1,0.357,0.5,0.5,0.699772497734611
126,19,0.0,0,1,0.357,0.5,0.5,0.699772497734611
126,20,0.6566196226810803,1,0,0.357,0.5,0.5,0.699772497734611
126,21,0.0,0,1,0.357,0.5,0.5,0.699772497734611
126,22,0.0,0,1,0.357,0.5,0.5,0.699772497734611
126,23,0.0,0,1,0.357,0.5,0.5,0.699772497734611
126,24,1.8189538338500395,1,0,0.357,0.5,0.5,0.699772497734611
126,25,2.4621014318127212,1,0,0.357,0.5,0.5,0.699772497734611
126,26,0.0,0,1,0.357,0.5,0.5,0.699772497734611
126,27,0.0,0,1,0.357,0.5,0.5,0.699772497734611
126,28,0.03034342315403564,1,0,0.357,0.5,0.5,0.699772497734611
126,29,0.0,0,1,0.357,0.5,0.5,0.699772497734611
126,30,0.0,0,1,0.357,0.5,0.5,0.699772497734611
126,31,0.2714273634612809,1,0,0.357,0.5,0.5,0.699772497734611
126,32,0.013542491352389868,1,0,0.357,0.5,0.5,0.699772497734611
126,33,0.0,0,1,0.357,0.5,0.5,0.699772497734611
126,34,0.0,0,1,0.357,0.5,0.5,0.699772497734611
126,35,1.6170477603103426,1,0,0.357,0.5,0.5,0.699772497734611
126,36,0.0,0,1,0.357,0.5,0.5,0.699772497734611
126,37,0.0,0,1,0.357,0.5,0.5,0.699772497734611
126,38,0.0,0,1,0.357,0.5,0.5,0.699772497734611
126,39,0.02831775842622497,1,0,0.357,0.5,0.5,0.699772497734611
126,40,0.0,0,1,0.357,0.5,0.5,0.699772497734611
126,41,0.0,0,1,0.357,0.5,0.5,0.699772497734611
126,42,0.0,0,1,0.357,0.5,0.5,0.699772497734611
126,43,0.0,0,1,0.357,0.5,0.5,0.699772497734611
126,44,0.0,0,1,0.357,0.5,0.5,0.699772497734611
126,45,0.060131070806789776,1,0,0.357,0.5,0.5,0.699772497734611
126,46,2.6735546045555783,2,0,0.357,0.5,0.5,0.699772497734611
126,47,0.0,0,1,0.357,0.5,0.5,0.699772497734611
126,48,1.560943209614083,1,0,0.357,0.5,0.5,0.699772497734611
126,49,2.388980012546839,1,0,0.357,0.5,0.5,0.699772497734611
127,0,0.9640125168090106,1,0,0.357,0.5,0.5,0.699772497734611
127,1,0.0,0,1,0.357,0.5,0.5,0.699772497734611
127,2,0.0,0,1,0.357,0.5,0.5,0.699772497734611
127,3,0.0,0,1,0.357,0.5,0.5,0.699772497734611
127,4,0.0,0,1,0.357,0.5,0.5,0.699772497734611
127,5,0.0,0,1,0.357,0.5,0.5,0.699772497734611
127,6,0.0,0,1,0.357,0.5,0.5,0.699772497734611
127,7,0.0,0,1,0.357,0.5,0.5,0.699772497734611
127,8,0.0,0,1,0.357,0.5,0.5,0.699772497734611
127,9,0.0,0,1,0.357,0.5,0.5,0.699772497734611
127,10,0.4395616267879291,1,0,0.357,0.5,0.5,0.699772497734611
127,11,0.0,0,1,0.357,0.5,0.5,0.699772497734611
127,12,0.0,0,1,0.357,0.5,0.5,0.699772497734611
127,13,0.30013724893064353,1,0,0.357,0.5,0.5,0.699772497734611
127,14,0.3411838922302842,1,0,0.357,0.5,0.5,0.699772497734611
127,15,0.0,0,1,0.357,0.5,0.5,0.699772497734611
127,16,0.0,0,1,0.357,0.5,0.5,0.699772497734611
127,17,0.0,0,1,0.357,0.5,0.5,0.699772497734611
127,18,0.0,0,1,0.357,0.5,0.5,0.699772497734611
127,19,0.0,0,1,0.357,0.5,0.5,0.699772497734611
127,20,0.0,0,1,0.357,0.5,0.5,0.699772497734611
127,21,0.9592890441628702,1,0,0.357,0.5,0.5,0.699772497734611
127,22,1.5820151608268609,1,0,0.357,0.5,0.5,0.699772497734611
127,23,0.0,0,1,0.357,0.5,0.5,0.699772497734611
127,24,0.0,0,1,0.357,0.5,0.5,0.699772497734611
127,25,0.0,0,1,0.357,0.5,0.5,0.699772497734611
127,26,0.0,0,1,0.357,0.5,0.5,0.699772497734611
127,27,0.0,0,1,0.357,0.5,0.5,0.699772497734611
127,28,0.09104158217668713,1,0,0.357,0.5,0.5,0.699772497734611
127,29,0.0,0,1,0.357,0.5,0.5,0.699772497734611
127,30,0.0,0,1,0.357,0.5,0.5,0.699772497734611
127,31,0.0,0,1,0.357,0.5,0.5,0.699772497734611
127,32,0.0,0,1,0.357,0.5,0.5,0.699772497734611
127,33,0.0,0,1,0.357,0.5,0.5,0.699772497734611
127,34,0.26546972295877275,1,0,0.357,0.5,0.5,0.699772497734611
127,35,0.0057875090518832205,1,0,0.357,0.5,0.5,0.699772497734611
127,36,0.0,0,1,0.357,0.5,0.5,0.699772497734611
127,37,0.0,0,1,0.357,0.5,0.5,0.699772497734611
127,38,0.0,0,1,0.357,0.5,0.5,0.699772497734611
127,39,0.0,0,1,0.357,0.5,0.5,0.699772497734611
127,40,0.0,0,1,0.357,0.5,0.5,0.699772497734611
127,41,0.0,0,1,0.357,0.5,0.5,0.699772497734611
127,42,0.8536114714913635,1,0,0.357,0.5,0.5,0.699772497734611
127,43,3.0304734995977936,2,0,0.357,0.5,0.5,0.699772497734611
127,44,0.0,0,1,0.357,0.5,0.5,0.699772497734611
127,45,0.0,0,1,0.357,0.5,0.5,0.699772497734611
127,46,0.0,0,1,0.357,0.5,0.5,0.699772497734611
127,47,0.9747005514202137,1,0,0.357,0.5,0.5,0.699772497734611
127,48,0.0,0,1,0.357,0.5,0.5,0.699772497734611
127,49,0.0,0,1,0.357,0.5,0.5,0.699772497734611
128,0,0.396996386710046,1,0,0.357,0.5,0.5,0.699772497734611
128,1,0.0,0,1,0.357,0.5,0.5,0.699772497734611
128,2,1.059688315493684,1,0,0.357,0.5,0.5,0.699772497734611
128,3,0.0,0,1,0.357,0.5,0.5,0.699772497734611
128,4,0.0,0,1,0.357,0.5,0.5,0.699772497734611
128,5,0.0,0,1,0.357,0.5,0.5,0.699772497734611
128,6,1.6723667607137693,1,0,0.357,0.5,0.5,0.699772497734611
128,7,0.0,0,1,0.357,0.5,0.5,0.699772497734611
128,8,0.0,0,1,0.357,0.5,0.5,0.699772497734611
128,9,0.0,0,1,0.357,0.5,0.5,0.699772497734611
128,10,0.0,0,1,0.357,0.5,0.5,0.699772497734611
128,11,0.0,0,1,0.357,0.5,0.5,0.699772497734611
128,12,0.0,0,1,0.357,0.5,0.5,0.699772497734611
128,13,0.0,0,1,0.357,0.5,0.5,0.699772497734611
128,14,0.0,0,1,0.357,0.5,0.5,0.699772497734611
128,15,0.0,0,1,0.357,0.5,0.5,0.699772497734611
128,16,0.0,0,1,0.357,0.5,0.5,0.699772497734611
128,17,0.0,0,1,0.357,0.5,0.5,0.699772497734611
128,18,0.0,0,1,0.357,0.5,0.5,0.699772497734611
128,19,0.0,0,1,0.357,0.5,0.5,0.699772497734611
128,20,0.0,0,1,0.357,0.5,0.5,0.699772497734611
128,21,0.0,0,1,0.357,0.5,0.5,0.699772497734611
128,22,1.5762447291447426,1,0,0.357,0.5,0.5,0.699772497734611
128,23,0.0,0,1,0.357,0.5,0.5,0.699772497734611
128,24,0.0,0,1,0.357,0.5,0.5,0.699772497734611
128,25,1.7308997775736288,2,0,0.357,0.5,0.5,0.699772497734611
128,26,0.0,0,1,0.357,0.5,0.5,0.699772497734611
128,27,0.14233106193243594,2,0,0.357,0.5,0.5,0.699772497734611
128,28,0.0,0,1,0.357,0.5,0.5,0.699772497734611
128,29,0.0,0,1,0.357,0.5,0.5,0.699772497734611
128,30,0.0,0,1,0.357,0.5,0.5,0.699772497734611
128,31,0.08064549443118335,1,0,0.357,0.5,0.5,0.699772497734611
128,32,1.2424782867762119,1,0,0.357,0.5,0.5,0.699772497734611
128,33,0.0,0,1,0.357,0.5,0.5,0.699772497734611
128,34,0.0,0,1,0.357,0.5,0.5,0.699772497734611
128,35,0.0,0,1,0.357,0.5,0.5,0.699772497734611
128,36,0.0,0,1,0.357,0.5,0.5,0.699772497734611
128,37,0.0,0,1,0.357,0.5,0.5,0.699772497734611
128,38,0.0,0,1,0.357,0.5,0.5,0.699772497734611
128,39,0.0,0,1,0.357,0.5,0.5,0.699772497734611
128,40,0.7772610041200131,1,0,0.357,0.5,0.5,0.699772497734611
128,41,0.09016959330209122,1,0,0.357,0.5,0.5,0.699772497734611
128,42,0.0,0,1,0.357,0.5,0.5,0.699772497734611
128,43,0.0,0,1,0.357,0.5,0.5,0.699772497734611
128,44,0.0,0,1,0.357,0.5,0.5,0.699772497734611
128,45,0.32474850249994824,2,0,0.357,0.5,0.5,0.699772497734611
128,46,0.6754044635133769,1,0,0.357,0.5,0.5,0.699772497734611
128,47,0.0,0,1,0.357,0.5,0.5,0.699772497734611
128,48,0.0,0,1,0.357,0.5,0.5,0.699772497734611
128,49,1.883252775157196,1,0,0.357,0.5,0.5,0.699772497734611
129,0,0.0,0,1,0.357,0.5,0.5,0.699772497734611
129,1,0.22556854234990728,1,0,0.357,0.5,0.5,0.699772497734611
129,2,0.0,0,1,0.357,0.5,0.5,0.699772497734611
129,3,0.0,0,1,0.357,0.5,0.5,0.699772497734611
129,4,0.0,0,1,0.357,0.5,0.5,0.699772497734611
129,5,0.0,0,1,0.357,0.5,0.5,0.699772497734611
129,6,2.0784340909504158,1,0,0.357,0.5,0.5,0.699772497734611
129,7,0.0,0,1,0.357,0.5,0.5,0.699772497734611
129,8,0.0,0,1,0.357,0.5,0.5,0.699772497734611
129,9,0.2175138987315004,1,0,0.357,0.5,0.5,0.699772497734611
129,10,0.0,0,1,0.357,0.5,0.5,0.699772497734611
129,11,0.0003255860939672457,1,0,0.357,0.5,0.5,0.699772497734611
129,12,0.0,0,1,0.357,0.5,0.5,0.699772497734611
129,13,0.5586235267332302,1,0,0.357,0.5,0.5,0.699772497734611
129,14,0.0,0,1,0.357,0.5,0.5,0.699772497734611
129,15,0.2719352092584828,1,0,0.357,0.5,0.5,0.699772497734611
129,16,0.0,0,1,0.357,0.5,0.5,0.699772497734611
129,17,0.0,0,1,0.357,0.5,0.5,0.699772497734611
129,18,0.0,0,1,0.357,0.5,0.5,0.699772497734611
129,19,0.023638302596670675,1,0,0.357,0.5,0.5,0.699772497734611
129,20,0.0,0,1,0.357,0.5,0.5,0.699772497734611
129,21,0.0012253742702490052,1,0,0.357,0.5,0.5,0.699772497734611
129,22,0.013295605979945507,1,0,0.357,0.5,0.5,0.699772497734611
129,23,1.526044636853033,1,0,0.357,0.5,0.5,0.699772497734611
129,24,0.0,0,1,0.357,0.5,0.5,0.699772497734611
129,25,0.0,0,1,0.357,0.5,0.5,0.699772497734611
129,26,0.0,0,1,0.357,0.5,0.5,0.699772497734611
129,27,1.2502458563248968,2,0,0.357,0.5,0.5,0.699772497734611
129,28,0.10808296162273383,1,0,0.357,0.5,0.5,0.699772497734611
129,29,0.0,0,1,0.357,0.5,0.5,0.699772497734611
129,30,0.04036646003866832,1,0,0.357,0.5,0.5,0.699772497734611
129,31,0.0,0,1,0.357,0.5,0.5,0.699772497734611
129,32,0.0,0,1,0.357,0.5,0.5,0.699772497734611
129,33,0.0,0,1,0.357,0.5,0.5,0.699772497734611
129,34,0.0,0,1,0.357,0.5,0.5,0.699772497734611
129,35,0.0,0,1,0.357,0.5,0.5,0.699772497734611
129,36,0.2139644293565708,1,0,0.357,0.5,0.5,0.699772497734611
129,37,0.0,0,1,0.357,0.5,0.5,0.699772497734611
129,38,0.33975761602850035,1,0,0.357,0.5,0.5,0.699772497734611
129,39,0.0,0,1,0.357,0.5,0.5,0.699772497734611
129,40,0.42307482863926177,1,0,0.357,0.5,0.5,0.699772497734611
129,41,0.0,0,1,0.357,0.5,0.5,0.699772497734611
129,42,0.0,0,1,0.357,0.5,0.5,0.699772497734611
129,43,0.0,0,1,0.357,0.5,0.5,0.699772497734611
129,44,0.0,0,1,0.357,0.5,0.5,0.699772497734611
129,45,0.0,0,1,0.357,0.5,0.5,0.699772497734611
129,46,0.0,0,1,0.357,0.5,0.5,0.699772497734611
129,47,0.0,0,1,0.357,0.5,0.5,0.699772497734611
129,48,0.0,0,1,0.357,0.5,0.5,0.699772497734611
129,49,0.0,0,1,0.357,0.5,0.5,0.699772497734611
130,0,0.0,0,1,0.357,0.5,0.5,0.699772497734611
130,1,0.0,0,1,0.357,0.5,0.5,0.699772497734611
130,2,0.16996314915413718,1,0,0.357,0.5,0.5,0.699772497734611
130,3,0.0,0,1,0.357,0.5,0.5,0.699772497734611
130,4,0.0,0,1,0.357,0.5,0.5,0.699772497734611
130,5,0.0,0,1,0.357,0.5,0.5,0.699772497734611
130,6,0.0,0,1,0.357,0.5,0.5,0.699772497734611
130,7,0.8155634063756334,2,0,0.357,0.5,0.5,0.699772497734611
130,8,1.5522814887951353,1,0,0.357,0.5,0.5,0.699772497734611
130,9,0.0,0,1,0.357,0.5,0.5,0.699772497734611
130,10,0.03645892231353005,1,0,0.357,0.5,0.5,0.699772497734611
130,11,0.0,0,1,0.357,0.5,0.5,0.699772497734611
130,12,0.09686900724541904,1,0,0.357,0.5,0.5,0.699772497734611
130,13,0.0,0,1,0.357,0.5,0.5,0.699772497734611
130,14,0.0,0,1,0.357,0.5,0.5,0.699772497734611
130,15,0.23444057605636026,1,0,0.357,0.5,0.5,0.699772497734611
130,16,0.0,0,1,0.357,0.5,0.5,0.699772497734611
130,17,0.0,0,1,0.357,0.5,0.5,0.699772497734611
130,18,0.0,0,1,0.357,0.5,0.5,0.699772497734611
130,19,0.0,0,1,0.357,0.5,0.5,0.699772497734611
130,20,0.0,0,1,0.357,0.5,0.5,0.699772497734611
130,21,0.08855931169426665,1,0,0.357,0.5,0.5,0.699772497734611
130,22,0.05208935121260635,1,0,0.357,0.5,0.5,0.699772497734611
130,23,0.0674636192769234,1,0,0.357,0.5,0.5,0.699772497734611
130,24,0.0,0,1,0.357,0.5,0.5,0.699772497734611
130,25,0.0,0,1,0.357,0.5,0.5,0.699772497734611
130,26,0.0,0,1,0.357,0.5,0.5,0.699772497734611
130,27,0.060240160974017895,1,0,0.357,0.5,0.5,0.699772497734611
130,28,0.558918242282137,1,0,0.357,0.5,0.5,0.699772497734611
130,29,0.0,0,1,0.357,0.5,0.5,0.699772497734611
130,30,0.0,0,1,0.357,0.5,0.5,0.699772497734611
130,31,0.0,0,1,0.357,0.5,0.5,0.699772497734611
130,32,0.0,0,1,0.357,0.5,0.5,0.699772497734611
130,33,0.0,0,1,0.357,0.5,0.5,0.699772497734611
130,34,0.0,0,1,0.357,0.5,0.5,0.699772497734611
130,35,0.0,0,1,0.357,0.5,0.5,0.699772497734611
130,36,0.0,0,1,0.357,0.5,0.5,0.699772497734611
130,37,2.0500897569437124,1,0,0.357,0.5,0.5,0.699772497734611
130,38,0.03007643283411433,1,0,0.357,0.5,0.5,0.699772497734611
130,39,0.0,0,1,0.357,0.5,0.5,0.699772497734611
130,40,0.0,0,1,0.357,0.5,0.5,0.699772497734611
130,41,0.0,0,1,0.357,0.5,0.5,0.699772497734611
130,42,3.8423011845830453,1,0,0.357,0.5,0.5,0.699772497734611
130,43,0.0,0,1,0.357,0.5,0.5,0.699772497734611
130,44,0.3082228203186548,1,0,0.357,0.5,0.5,0.699772497734611
130,45,0.0,0,1,0.357,0.5,0.5,0.699772497734611
130,46,0.0,0,1,0.357,0.5,0.5,0.699772497734611
130,47,0.0004963312977381032,1,0,0.357,0.5,0.5,0.699772497734611
130,48,0.014222302488221646,2,0,0.357,0.5,0.5,0.699772497734611
130,49,0.0,0,1,0.357,0.5,0.5,0.699772497734611
131,0,1.4431986613567982,1,0,0.357,0.5,0.5,0.699772497734611
131,1,0.0,0,1,0.357,0.5,0.5,0.699772497734611
131,2,2.2851473129567577,2,0,0.357,0.5,0.5,0.699772497734611
131,3,0.0,0,1,0.357,0.5,0.5,0.699772497734611
131,4,0.0,0,1,0.357,0.5,0.5,0.699772497734611
131,5,0.0,0,1,0.357,0.5,0.5,0.699772497734611
131,6,0.0,0,1,0.357,0.5,0.5,0.699772497734611
131,7,0.0,0,1,0.357,0.5,0.5,0.699772497734611
131,8,0.0,0,1,0.357,0.5,0.5,0.699772497734611
131,9,0.0017393495408913665,1,0,0.357,0.5,0.5,0.699772497734611
131,10,0.0,0,1,0.357,0.5,0.5,0.699772497734611
131,11,0.38237043773485047,1,0,0.357,0.5,0.5,0.699772497734611
131,12,0.07323816232637306,1,0,0.357,0.5,0.5,0.699772497734611
131,13,0.13190725608950402,1,0,0.357,0.5,0.5,0.699772497734611
131,14,0.0,0,1,0.357,0.5,0.5,0.699772497734611
131,15,0.0,0,1,0.357,0.5,0.5,0.699772497734611
131,16,0.0,0,1,0.357,0.5,0.5,0.699772497734611
131,17,2.365609392348818,1,0,0.357,0.5,0.5,0.699772497734611
131,18,0.0,0,1,0.357,0.5,0.5,0.699772497734611
131,19,0.0,0,1,0.357,0.5,0.5,0.699772497734611
131,20,0.020372358933395156,1,0,0.357,0.5,0.5,0.699772497734611
131,21,0.0,0,1,0.357,0.5,0.5,0.699772497734611
131,22,0.0,0,1,0.357,0.5,0.5,0.699772497734611
131,23,0.0,0,1,0.357,0.5,0.5,0.699772497734611
131,24,0.0,0,1,0.357,0.5,0.5,0.699772497734611
131,25,0.0,0,1,0.357,0.5,0.5,0.699772497734611
131,26,1.7428390273440266,2,0,0.357,0.5,0.5,0.699772497734611
131,27,0.0,0,1,0.357,0.5,0.5,0.699772497734611
131,28,0.0,0,1,0.357,0.5,0.5,0.699772497734611
131,29,0.0,0,1,0.357,0.5,0.5,0.699772497734611
131,30,0.0,0,1,0.357,0.5,0.5,0.699772497734611
131,31,0.0,0,1,0.357,0.5,0.5,0.699772497734611
131,32,0.0,0,1,0.357,0.5,0.5,0.699772497734611
131,33,0.3969137431268771,2,0,0.357,0.5,0.5,0.699772497734611
131,34,0.0,0,1,0.357,0.5,0.5,0.699772497734611
131,35,0.0,0,1,0.357,0.5,0.5,0.699772497734611
131,36,0.0,0,1,0.357,0.5,0.5,0.699772497734611
131,37,0.0,0,1,0.357,0.5,0.5,0.699772497734611
131,38,3.196338580742917,2,0,0.357,0.5,0.5,0.699772497734611
131,39,0.0,0,1,0.357,0.5,0.5,0.699772497734611
131,40,2.453447017291814,3,0,0.357,0.5,0.5,0.699772497734611
131,41,1.7455068483584655,1,0,0.357,0.5,0.5,0.699772497734611
131,42,0.0,0,1,0.357,0.5,0.5,0.699772497734611
131,43,0.0,0,1,0.357,0.5,0.5,0.699772497734611
131,44,0.0,0,1,0.357,0.5,0.5,0.699772497734611
131,45,0.0,0,1,0.357,0.5,0.5,0.699772497734611
131,46,0.0,0,1,0.357,0.5,0.5,0.699772497734611
131,47,0.0,0,1,0.357,0.5,0.5,0.699772497734611
131,48,0.0,0,1,0.357,0.5,0.5,0.699772497734611
131,49,2.4859924270573432,1,0,0.357,0.5,0.5,0.699772497734611
132,0,0.0,0,1,0.357,0.5,0.5,0.699772497734611
132,1,1.2076355808505117,1,0,0.357,0.5,0.5,0.699772497734611
132,2,0.0,0,1,0.357,0.5,0.5,0.699772497734611
132,3,5.254171589483332,1,0,0.357,0.5,0.5,0.699772497734611
132,4,0.0,0,1,0.357,0.5,0.5,0.699772497734611
132,5,0.0,0,1,0.357,0.5,0.5,0.699772497734611
132,6,3.087248790001826,1,0,0.357,0.5,0.5,0.699772497734611
132,7,0.12022296155658148,1,0,0.357,0.5,0.5,0.699772497734611
132,8,0.0,0,1,0.357,0.5,0.5,0.699772497734611
132,9,0.0,0,1,0.357,0.5,0.5,0.699772497734611
132,10,0.0,0,1,0.357,0.5,0.5,0.699772497734611
132,11,0.0,0,1,0.357,0.5,0.5,0.699772497734611
132,12,3.1735914659961866,1,0,0.357,0.5,0.5,0.699772497734611
132,13,0.0,0,1,0.357,0.5,0.5,0.699772497734611
132,14,0.0,0,1,0.357,0.5,0.5,0.699772497734611
132,15,0.024617126542773586,1,0,0.357,0.5,0.5,0.699772497734611
132,16,0.0,0,1,0.357,0.5,0.5,0.699772497734611
132,17,0.0,0,1,0.357,0.5,0.5,0.699772497734611
132,18,0.0,0,1,0.357,0.5,0.5,0.699772497734611
132,19,1.3250161300823897,2,0,0.357,0.5,0.5,0.699772497734611
132,20,0.0,0,1,0.357,0.5,0.5,0.699772497734611
132,21,1.7570397823270538,1,0,0.357,0.5,0.5,0.699772497734611
132,22,3.1516805132847563,3,0,0.357,0.5,0.5,0.699772497734611
132,23,0.0,0,1,0.357,0.5,0.5,0.699772497734611
132,24,0.0,0,1,0.357,0.5,0.5,0.699772497734611
132,25,0.0,0,1,0.357,0.5,0.5,0.699772497734611
132,26,0.0,0,1,0.357,0.5,0.5,0.699772497734611
132,27,0.0,0,1,0.357,0.5,0.5,0.699772497734611
132,28,0.0,0,1,0.357,0.5,0.5,0.699772497734611
132,29,0.0,0,1,0.357,0.5,0.5,0.699772497734611
132,30,0.0,0,1,0.357,0.5,0.5,0.699772497734611
132,31,0.0,0,1,0.357,0.5,0.5,0.699772497734611
132,32,0.07784934867082607,1,0,0.357,0.5,0.5,0.699772497734611
132,33,0.0,0,1,0.357,0.5,0.5,0.699772497734611
132,34,0.0,0,1,0.357,0.5,0.5,0.699772497734611
132,35,0.0,0,1,0.357,0.5,0.5,0.699772497734611
132,36,0.0,0,1,0.357,0.5,0.5,0.699772497734611
132,37,0.0,0,1,0.357,0.5,0.5,0.699772497734611
132,38,0.0,0,1,0.357,0.5,0.5,0.699772497734611
132,39,0.0,0,1,0.357,0.5,0.5,0.699772497734611
132,40,0.0,0,1,0.357,0.5,0.5,0.699772497734611
132,41,0.09733553021040119,1,0,0.357,0.5,0.5,0.699772497734611
132,42,0.0,0,1,0.357,0.5,0.5,0.699772497734611
132,43,0.8222115939460639,1,0,0.357,0.5,0.5,0.699772497734611
132,44,0.0,0,1,0.357,0.5,0.5,0.699772497734611
132,45,0.0,0,1,0.357,0.5,0.5,0.699772497734611
132,46,0.0,0,1,0.357,0.5,0.5,0.699772497734611
132,47,0.2884253918228424,1,0,0.357,0.5,0.5,0.699772497734611
132,48,0.0,0,1,0.357,0.5,0.5,0.699772497734611
132,49,0.0,0,1,0.357,0.5,0.5,0.699772497734611
133,0,0.0,0,1,0.357,0.5,0.5,0.699772497734611
133,1,0.0,0,1,0.357,0.5,0.5,0.699772497734611
133,2,0.19115442602086297,2,0,0.357,0.5,0.5,0.699772497734611
133,3,0.0,0,1,0.357,0.5,0.5,0.699772497734611
133,4,0.0,0,1,0.357,0.5,0.5,0.699772497734611
133,5,0.0,0,1,0.357,0.5,0.5,0.699772497734611
133,6,1.5602234400574546,1,0,0.357,0.5,0.5,0.699772497734611
133,7,5.1883867742688095,1,0,0.357,0.5,0.5,0.699772497734611
133,8,0.5190316613898149,1,0,0.357,0.5,0.5,0.699772497734611
133,9,0.0,0,1,0.357,0.5,0.5,0.699772497734611
133,10,0.0,0,1,0.357,0.5,0.5,0.699772497734611
133,11,0.15020847745483762,1,0,0.357,0.5,0.5,0.699772497734611
133,12,1.7856474147586534,3,0,0.357,0.5,0.5,0.699772497734611
133,13,0.0,0,1,0.357,0.5,0.5,0.699772497734611
133,14,0.0,0,1,0.357,0.5,0.5,0.699772497734611
133,15,0.0,0,1,0.357,0.5,0.5,0.699772497734611
133,16,0.0,0,1,0.357,0.5,0.5,0.699772497734611
133,17,0.0,0,1,0.357,0.5,0.5,0.699772497734611
133,18,0.22430096376051903,1,0,0.357,0.5,0.5,0.699772497734611
133,19,0.0,0,1,0.357,0.5,0.5,0.699772497734611
133,20,0.12937649412025684,1,0,0.357,0.5,0.5,0.699772497734611
133,21,0.0,0,1,0.357,0.5,0.5,0.699772497734611
133,22,0.0,0,1,0.357,0.5,0.5,0.699772497734611
133,23,0.23875075564743362,1,0,0.357,0.5,0.5,0.699772497734611
133,24,0.0,0,1,0.357,0.5,0.5,0.699772497734611
133,25,0.0,0,1,0.357,0.5,0.5,0.699772497734611
133,26,0.03967511887642941,1,0,0.357,0.5,0.5,0.699772497734611
133,27,0.0,0,1,0.357,0.5,0.5,0.699772497734611
133,28,0.0,0,1,0.357,0.5,0.5,0.699772497734611
133,29,0.0,0,1,0.357,0.5,0.5,0.699772497734611
133,30,0.8113014679360258,1,0,0.357,0.5,0.5,0.699772497734611
133,31,0.0,0,1,0.357,0.5,0.5,0.699772497734611
133,32,0.0,0,1,0.357,0.5,0.5,0.699772497734611
133,33,0.0,0,1,0.357,0.5,0.5,0.699772497734611
133,34,0.0,0,1,0.357,0.5,0.5,0.699772497734611
133,35,2.612586586312753,2,0,0.357,0.5,0.5,0.699772497734611
133,36,0.08659876159934461,1,0,0.357,0.5,0.5,0.699772497734611
133,37,0.0,0,1,0.357,0.5,0.5,0.699772497734611
133,38,0.0,0,1,0.357,0.5,0.5,0.699772497734611
133,39,0.0,0,1,0.357,0.5,0.5,0.699772497734611
133,40,1.3691211176061635,1,0,0.357,0.5,0.5,0.699772497734611
133,41,0.0,0,1,0.357,0.5,0.5,0.699772497734611
133,42,0.0,0,1,0.357,0.5,0.5,0.699772497734611
133,43,0.0,0,1,0.357,0.5,0.5,0.699772497734611
133,44,0.0,0,1,0.357,0.5,0.5,0.699772497734611
133,45,1.5376881687100266,2,0,0.357,0.5,0.5,0.699772497734611
133,46,0.0,0,1,0.357,0.5,0.5,0.699772497734611
133,47,0.0,0,1,0.357,0.5,0.5,0.699772497734611
133,48,0.2960380986080914,2,0,0.357,0.5,0.5,0.699772497734611
133,49,0.08161495674545619,1,0,0.357,0.5,0.5,0.699772497734611
134,0,0.0,0,1,0.357,0.5,0.5,0.699772497734611
134,1,0.0,0,1,0.357,0.5,0.5,0.699772497734611
134,2,0.453652355404788,1,0,0.357,0.5,0.5,0.699772497734611
134,3,0.0,0,1,0.357,0.5,0.5,0.699772497734611
134,4,0.0,0,1,0.357,0.5,0.5,0.699772497734611
134,5,0.0,0,1,0.357,0.5,0.5,0.699772497734611
134,6,0.06764087033369849,1,0,0.357,0.5,0.5,0.699772497734611
134,7,0.0,0,1,0.357,0.5,0.5,0.699772497734611
134,8,0.0,0,1,0.357,0.5,0.5,0.699772497734611
134,9,0.0,0,1,0.357,0.5,0.5,0.699772497734611
134,10,0.0,0,1,0.357,0.5,0.5,0.699772497734611
134,11,4.161891807290554,1,0,0.357,0.5,0.5,0.699772497734611
134,12,1.9626134321671742,1,0,0.357,0.5,0.5,0.699772497734611
134,13,0.0,0,1,0.357,0.5,0.5,0.699772497734611
134,14,0.0,0,1,0.357,0.5,0.5,0.699772497734611
134,15,0.0,0,1,0.357,0.5,0.5,0.699772497734611
134,16,0.0,0,1,0.357,0.5,0.5,0.699772497734611
134,17,0.0,0,1,0.357,0.5,0.5,0.699772497734611
134,18,0.7209560647829446,1,0,0.357,0.5,0.5,0.699772497734611
134,19,0.0,0,1,0.357,0.5,0.5,0.699772497734611
134,20,0.0,0,1,0.357,0.5,0.5,0.699772497734611
134,21,0.0,0,1,0.357,0.5,0.5,0.699772497734611
134,22,0.0,0,1,0.357,0.5,0.5,0.699772497734611
134,23,0.0,0,1,0.357,0.5,0.5,0.699772497734611
134,24,0.0,0,1,0.357,0.5,0.5,0.699772497734611
134,25,1.125793719192538,1,0,0.357,0.5,0.5,0.699772497734611
134,26,5.387928260349059,2,0,0.357,0.5,0.5,0.699772497734611
134,27,0.39295015148456286,1,0,0.357,0.5,0.5,0.699772497734611
134,28,0.0,0,1,0.357,0.5,0.5,0.699772497734611
134,29,0.0,0,1,0.357,0.5,0.5,0.699772497734611
134,30,0.0,0,1,0.357,0.5,0.5,0.699772497734611
134,31,0.0,0,1,0.357,0.5,0.5,0.699772497734611
134,32,0.0,0,1,0.357,0.5,0.5,0.699772497734611
134,33,0.0,0,1,0.357,0.5,0.5,0.699772497734611
134,34,0.0736986037747368,1,0,0.357,0.5,0.5,0.699772497734611
134,35,0.0,0,1,0.357,0.5,0.5,0.699772497734611
134,36,0.0,0,1,0.357,0.5,0.5,0.699772497734611
134,37,2.6943926470354067,2,0,0.357,0.5,0.5,0.699772497734611
134,38,0.0,0,1,0.357,0.5,0.5,0.699772497734611
134,39,0.014096368782853258,1,0,0.357,0.5,0.5,0.699772497734611
134,40,0.0,0,1,0.357,0.5,0.5,0.699772497734611
134,41,4.175004029792113,1,0,0.357,0.5,0.5,0.699772497734611
134,42,0.0,0,1,0.357,0.5,0.5,0.699772497734611
134,43,0.0,0,1,0.357,0.5,0.5,0.699772497734611
134,44,0.0,0,1,0.357,0.5,0.5,0.699772497734611
134,45,0.0,0,1,0.357,0.5,0.5,0.699772497734611
134,46,0.0,0,1,0.357,0.5,0.5,0.699772497734611
134,47,0.0,0,1,0.357,0.5,0.5,0.699772497734611
134,48,0.032676492638565896,1,0,0.357,0.5,0.5,0.699772497734611
134,49,0.0,0,1,0.357,0.5,0.5,0.699772497734611
135,0,0.0,0,1,0.357,0.5,0.5,0.699772497734611
135,1,0.0,0,1,0.357,0.5,0.5,0.699772497734611
135,2,0.0,0,1,0.357,0.5,0.5,0.699772497734611
135,3,3.100036227732309,1,0,0.357,0.5,0.5,0.699772497734611
135,4,0.19147822502905365,1,0,0.357,0.5,0.5,0.699772497734611
135,5,1.255866554026489,1,0,0.357,0.5,0.5,0.699772497734611
135,6,2.4217081317858797,1,0,0.357,0.5,0.5,0.699772497734611
135,7,0.0,0,1,0.357,0.5,0.5,0.699772497734611
135,8,1.7057618972571509,1,0,0.357,0.5,0.5,0.699772497734611
135,9,0.0,0,1,0.357,0.5,0.5,0.699772497734611
135,10,0.0,0,1,0.357,0.5,0.5,0.699772497734611
135,11,0.0,0,1,0.357,0.5,0.5,0.699772497734611
135,12,0.03219951590202467,1,0,0.357,0.5,0.5,0.699772497734611
135,13,0.6473468667150746,2,0,0.357,0.5,0.5,0.699772497734611
135,14,0.01631927113698156,2,0,0.357,0.5,0.5,0.699772497734611
135,15,5.004412589804188,1,0,0.357,0.5,0.5,0.699772497734611
135,16,0.0,0,1,0.357,0.5,0.5,0.699772497734611
135,17,0.0,0,1,0.357,0.5,0.5,0.699772497734611
135,18,0.0,0,1,0.357,0.5,0.5,0.699772497734611
135,19,3.2047270958578125,3,0,0.357,0.5,0.5,0.699772497734611
135,20,0.6740479106072496,1,0,0.357,0.5,0.5,0.699772497734611
135,21,0.0,0,1,0.357,0.5,0.5,0.699772497734611
135,22,0.0,0,1,0.357,0.5,0.5,0.699772497734611
135,23,0.0,0,1,0.357,0.5,0.5,0.699772497734611
135,24,0.3736301414920466,1,0,0.357,0.5,0.5,0.699772497734611
135,25,0.0035480306725504617,1,0,0.357,0.5,0.5,0.699772497734611
135,26,0.0,0,1,0.357,0.5,0.5,0.699772497734611
135,27,0.0,0,1,0.357,0.5,0.5,0.699772497734611
135,28,0.053796287322403734,1,0,0.357,0.5,0.5,0.699772497734611
135,29,0.0,0,1,0.357,0.5,0.5,0.699772497734611
135,30,0.12045691755936329,2,0,0.357,0.5,0.5,0.699772497734611
135,31,0.0,0,1,0.357,0.5,0.5,0.699772497734611
135,32,0.0,0,1,0.357,0.5,0.5,0.699772497734611
135,33,0.0,0,1,0.357,0.5,0.5,0.699772497734611
135,34,0.014843116911615224,1,0,0.357,0.5,0.5,0.699772497734611
135,35,0.0,0,1,0.357,0.5,0.5,0.699772497734611
135,36,0.0,0,1,0.357,0.5,0.5,0.699772497734611
135,37,0.0,0,1,0.357,0.5,0.5,0.699772497734611
135,38,0.0,0,1,0.357,0.5,0.5,0.699772497734611
135,39,0.33066670380106844,1,0,0.357,0.5,0.5,0.699772497734611
135,40,0.6110533776837802,1,0,0.357,0.5,0.5,0.699772497734611
135,41,0.0,0,1,0.357,0.5,0.5,0.699772497734611
135,42,0.0,0,1,0.357,0.5,0.5,0.699772497734611
135,43,0.0,0,1,0.357,0.5,0.5,0.699772497734611
135,44,0.0,0,1,0.357,0.5,0.5,0.699772497734611
135,45,0.0,0,1,0.357,0.5,0.5,0.699772497734611
135,46,0.0,0,1,0.357,0.5,0.5,0.699772497734611
135,47,0.7282106191311406,1,0,0.357,0.5,0.5,0.699772497734611
135,48,0.0,0,1,0.357,0.5,0.5,0.699772497734611
135,49,0.4487983533600422,1,0,0.357,0.5,0.5,0.699772497734611
136,0,0.0,0,1,0.357,0.5,0.5,0.699772497734611
136,1,0.0,0,1,0.357,0.5,0.5,0.699772497734611
136,2,0.0,0,1,0.357,0.5,0.5,0.699772497734611
136,3,0.3439322833207857,1,0,0.357,0.5,0.5,0.699772497734611
136,4,0.0,0,1,0.357,0.5,0.5,0.699772497734611
136,5,0.0,0,1,0.357,0.5,0.5,0.699772497734611
136,6,0.0,0,1,0.357,0.5,0.5,0.699772497734611
136,7,0.0,0,1,0.357,0.5,0.5,0.699772497734611
136,8,0.0,0,1,0.357,0.5,0.5,0.699772497734611
136,9,0.0,0,1,0.357,0.5,0.5,0.699772497734611
136,10,0.43146478721082754,2,0,0.357,0.5,0.5,0.699772497734611
136,11,4.366496755126206,2,0,0.357,0.5,0.5,0.699772497734611
136,12,2.3289683665414644,1,0,0.357,0.5,0.5,0.699772497734611
136,13,0.0,0,1,0.357,0.5,0.5,0.699772497734611
136,14,0.0,0,1,0.357,0.5,0.5,0.699772497734611
136,15,0.0,0,1,0.357,0.5,0.5,0.699772497734611
136,16,0.8899572022880841,2,0,0.357,0.5,0.5,0.699772497734611
136,17,0.0,0,1,0.357,0.5,0.5,0.699772497734611
136,18,0.0,0,1,0.357,0.5,0.5,0.699772497734611
136,19,0.8348280725900308,1,0,0.357,0.5,0.5,0.699772497734611
136,20,8.853708856506312,1,0,0.357,0.5,0.5,0.699772497734611
136,21,0.0,0,1,0.357,0.5,0.5,0.699772497734611
136,22,0.0,0,1,0.357,0.5,0.5,0.699772497734611
136,23,0.0,0,1,0.357,0.5,0.5,0.699772497734611
136,24,0.0,0,1,0.357,0.5,0.5,0.699772497734611
136,25,3.5200664302017,1,0,0.357,0.5,0.5,0.699772497734611
136,26,0.0,0,1,0.357,0.5,0.5,0.699772497734611
136,27,0.0,0,1,0.357,0.5,0.5,0.699772497734611
136,28,0.0,0,1,0.357,0.5,0.5,0.699772497734611
136,29,0.0,0,1,0.357,0.5,0.5,0.699772497734611
136,30,0.0,0,1,0.357,0.5,0.5,0.699772497734611
136,31,0.8318118675227115,1,0,0.357,0.5,0.5,0.699772497734611
136,32,0.0,0,1,0.357,0.5,0.5,0.699772497734611
136,33,0.0,0,1,0.357,0.5,0.5,0.699772497734611
136,34,0.0,0,1,0.357,0.5,0.5,0.699772497734611
136,35,0.201395244798455,1,0,0.357,0.5,0.5,0.699772497734611
136,36,0.0,0,1,0.357,0.5,0.5,0.699772497734611
136,37,0.0,0,1,0.357,0.5,0.5,0.699772497734611
136,38,0.09814503548762772,1,0,0.357,0.5,0.5,0.699772497734611
136,39,0.0,0,1,0.357,0.5,0.5,0.699772497734611
136,40,0.19303305090806674,1,0,0.357,0.5,0.5,0.699772497734611
136,41,0.0,0,1,0.357,0.5,0.5,0.699772497734611
136,42,0.0,0,1,0.357,0.5,0.5,0.699772497734611
136,43,0.5922279354811123,1,0,0.357,0.5,0.5,0.699772497734611
136,44,0.0,0,1,0.357,0.5,0.5,0.699772497734611
136,45,0.0,0,1,0.357,0.5,0.5,0.699772497734611
136,46,0.0,0,1,0.357,0.5,0.5,0.699772497734611
136,47,0.0,0,1,0.357,0.5,0.5,0.699772497734611
136,48,0.0,0,1,0.357,0.5,0.5,0.699772497734611
136,49,0.23233437413676125,1,0,0.357,0.5,0.5,0.699772497734611
137,0,0.0,0,1,0.357,0.5,0.5,0.699772497734611
137,1,0.0,0,1,0.357,0.5,0.5,0.699772497734611
137,2,0.0,0,1,0.357,0.5,0.5,0.699772497734611
137,3,0.0,0,1,0.357,0.5,0.5,0.699772497734611
137,4,0.0,0,1,0.357,0.5,0.5,0.699772497734611
137,5,0.0,0,1,0.357,0.5,0.5,0.699772497734611
137,6,0.5314879486602944,1,0,0.357,0.5,0.5,0.699772497734611
137,7,0.0,0,1,0.357,0.5,0.5,0.699772497734611
137,8,0.0,0,1,0.357,0.5,0.5,0.699772497734611
137,9,1.9097449072846016,1,0,0.357,0.5,0.5,0.699772497734611
137,10,0.0,0,1,0.357,0.5,0.5,0.699772497734611
137,11,0.0,0,1,0.357,0.5,0.5,0.699772497734611
137,12,0.0,0,1,0.357,0.5,0.5,0.699772497734611
137,13,0.0,0,1,0.357,0.5,0.5,0.699772497734611
137,14,0.0,0,1,0.357,0.5,0.5,0.699772497734611
137,15,0.0,0,1,0.357,0.5,0.5,0.699772497734611
137,16,0.0,0,1,0.357,0.5,0.5,0.699772497734611
137,17,0.0,0,1,0.357,0.5,0.5,0.699772497734611
137,18,0.0,0,1,0.357,0.5,0.5,0.699772497734611
137,19,0.0,0,1,0.357,0.5,0.5,0.699772497734611
137,20,0.0064514988080915745,1,0,0.357,0.5,0.5,0.699772497734611
137,21,0.0,0,1,0.357,0.5,0.5,0.699772497734611
137,22,0.0,0,1,0.357,0.5,0.5,0.699772497734611
137,23,0.0,0,1,0.357,0.5,0.5,0.699772497734611
137,24,0.0,0,1,0.357,0.5,0.5,0.699772497734611
137,25,2.5143704255896773,1,0,0.357,0.5,0.5,0.699772497734611
137,26,0.0,0,1,0.357,0.5,0.5,0.699772497734611
137,27,0.0,0,1,0.357,0.5,0.5,0.699772497734611
137,28,0.0,0,1,0.357,0.5,0.5,0.699772497734611
137,29,3.4679912886122457,2,0,0.357,0.5,0.5,0.699772497734611
137,30,0.0,0,1,0.357,0.5,0.5,0.699772497734611
137,31,0.0,0,1,0.357,0.5,0.5,0.699772497734611
137,32,0.010794538197825776,1,0,0.357,0.5,0.5,0.699772497734611
137,33,0.0,0,1,0.357,0.5,0.5,0.699772497734611
137,34,0.0,0,1,0.357,0.5,0.5,0.699772497734611
137,35,3.981090801413769,1,0,0.357,0.5,0.5,0.699772497734611
137,36,0.1565769905781806,1,0,0.357,0.5,0.5,0.699772497734611
137,37,0.0,0,1,0.357,0.5,0.5,0.699772497734611
137,38,0.0,0,1,0.357,0.5,0.5,0.699772497734611
137,39,0.0,0,1,0.357,0.5,0.5,0.699772497734611
137,40,0.0,0,1,0.357,0.5,0.5,0.699772497734611
137,41,0.8615972625107435,1,0,0.357,0.5,0.5,0.699772497734611
137,42,0.0,0,1,0.357,0.5,0.5,0.699772497734611
137,43,0.2567019962789851,1,0,0.357,0.5,0.5,0.699772497734611
137,44,0.02176073697170496,1,0,0.357,0.5,0.5,0.699772497734611
137,45,2.000895018176169,1,0,0.357,0.5,0.5,0.699772497734611
137,46,0.002797461556331093,1,0,0.357,0.5,0.5,0.699772497734611
137,47,0.8577475105388439,1,0,0.357,0.5,0.5,0.699772497734611
137,48,0.0,0,1,0.357,0.5,0.5,0.699772497734611
137,49,0.13533835335982367,1,0,0.357,0.5,0.5,0.699772497734611
138,0,0.7075308240196628,1,0,0.357,0.5,0.5,0.699772497734611
138,1,0.0,0,1,0.357,0.5,0.5,0.699772497734611
138,2,0.08704738288165094,1,0,0.357,0.5,0.5,0.699772497734611
138,3,0.0,0,1,0.357,0.5,0.5,0.699772497734611
138,4,0.0,0,1,0.357,0.5,0.5,0.699772497734611
138,5,0.0,0,1,0.357,0.5,0.5,0.699772497734611
138,6,0.0,0,1,0.357,0.5,0.5,0.699772497734611
138,7,0.11223495927596616,2,0,0.357,0.5,0.5,0.699772497734611
138,8,0.0,0,1,0.357,0.5,0.5,0.699772497734611
138,9,0.0,0,1,0.357,0.5,0.5,0.699772497734611
138,10,0.0,0,1,0.357,0.5,0.5,0.699772497734611
138,11,0.0,0,1,0.357,0.5,0.5,0.699772497734611
138,12,8.485172666990338e-06,1,0,0.357,0.5,0.5,0.699772497734611
138,13,0.0,0,1,0.357,0.5,0.5,0.699772497734611
138,14,0.0,0,1,0.357,0.5,0.5,0.699772497734611
138,15,0.0,0,1,0.357,0.5,0.5,0.699772497734611
138,16,0.0,0,1,0.357,0.5,0.5,0.699772497734611
138,17,0.0013063948334330288,1,0,0.357,0.5,0.5,0.699772497734611
138,18,0.0,0,1,0.357,0.5,0.5,0.699772497734611
138,19,0.0,0,1,0.357,0.5,0.5,0.699772497734611
138,20,0.0,0,1,0.357,0.5,0.5,0.699772497734611
138,21,0.0,0,1,0.357,0.5,0.5,0.699772497734611
138,22,0.0,0,1,0.357,0.5,0.5,0.699772497734611
138,23,0.0,0,1,0.357,0.5,0.5,0.699772497734611
138,24,0.009122126919103316,1,0,0.357,0.5,0.5,0.699772497734611
138,25,0.33536828493160775,1,0,0.357,0.5,0.5,0.699772497734611
138,26,0.0,0,1,0.357,0.5,0.5,0.699772497734611
138,27,0.0,0,1,0.357,0.5,0.5,0.699772497734611
138,28,0.010337092726817338,1,0,0.357,0.5,0.5,0.699772497734611
138,29,0.0,0,1,0.357,0.5,0.5,0.699772497734611
138,30,0.0407171561771426,1,0,0.357,0.5,0.5,0.699772497734611
138,31,2.966205392080712,1,0,0.357,0.5,0.5,0.699772497734611
138,32,0.0,0,1,0.357,0.5,0.5,0.699772497734611
138,33,0.0,0,1,0.357,0.5,0.5,0.699772497734611
138,34,0.0,0,1,0.357,0.5,0.5,0.699772497734611
138,35,0.0,0,1,0.357,0.5,0.5,0.699772497734611
138,36,0.0,0,1,0.357,0.5,0.5,0.699772497734611
138,37,0.0,0,1,0.357,0.5,0.5,0.699772497734611
138,38,0.0,0,1,0.357,0.5,0.5,0.699772497734611
138,39,0.0,0,1,0.357,0.5,0.5,0.699772497734611
138,40,0.0,0,1,0.357,0.5,0.5,0.699772497734611
138,41,0.0,0,1,0.357,0.5,0.5,0.699772497734611
138,42,0.0,0,1,0.357,0.5,0.5,0.699772497734611
138,43,0.0,0,1,0.357,0.5,0.5,0.699772497734611
138,44,1.6309267994996248,1,0,0.357,0.5,0.5,0.699772497734611
138,45,0.0,0,1,0.357,0.5,0.5,0.699772497734611
138,46,0.0,0,1,0.357,0.5,0.5,0.699772497734611
138,47,0.0,0,1,0.357,0.5,0.5,0.699772497734611
138,48,0.7285575028892515,1,0,0.357,0.5,0.5,0.699772497734611
138,49,0.0,0,1,0.357,0.5,0.5,0.699772497734611
139,0,0.013983823038369904,1,0,0.357,0.5,0.5,0.699772497734611
139,1,0.0063913604208956235,1,0,0.357,0.5,0.5,0.699772497734611
139,2,0.0,0,1,0.357,0.5,0.5,0.699772497734611
139,3,0.0,0,1,0.357,0.5,0.5,0.699772497734611
139,4,0.0,0,1,0.357,0.5,0.5,0.699772497734611
139,5,0.0,0,1,0.357,0.5,0.5,0.699772497734611
139,6,0.0,0,1,0.357,0.5,0.5,0.699772497734611
139,7,0.0,0,1,0.357,0.5,0.5,0.699772497734611
139,8,0.0,0,1,0.357,0.5,0.5,0.699772497734611
139,9,0.0,0,1,0.357,0.5,0.5,0.699772497734611
139,10,0.0,0,1,0.357,0.5,0.5,0.699772497734611
139,11,0.0,0,1,0.357,0.5,0.5,0.699772497734611
139,12,2.441252336006991,1,0,0.357,0.5,0.5,0.699772497734611
139,13,0.027904555551088818,1,0,0.357,0.5,0.5,0.699772497734611
139,14,0.10733062575906459,1,0,0.357,0.5,0.5,0.699772497734611
139,15,0.0,0,1,0.357,0.5,0.5,0.699772497734611
139,16,0.09670756545336205,1,0,0.357,0.5,0.5,0.699772497734611
139,17,0.0,0,1,0.357,0.5,0.5,0.699772497734611
139,18,0.0,0,1,0.357,0.5,0.5,0.699772497734611
139,19,0.0,0,1,0.357,0.5,0.5,0.699772497734611
139,20,0.09140537953199014,2,0,0.357,0.5,0.5,0.699772497734611
139,21,3.0046556139553213,1,0,0.357,0.5,0.5,0.699772497734611
139,22,0.4234398946291564,1,0,0.357,0.5,0.5,0.699772497734611
139,23,0.0,0,1,0.357,0.5,0.5,0.699772497734611
139,24,0.0,0,1,0.357,0.5,0.5,0.699772497734611
139,25,0.3527460037672968,1,0,0.357,0.5,0.5,0.699772497734611
139,26,0.0,0,1,0.357,0.5,0.5,0.699772497734611
139,27,2.2833994665044384,1,0,0.357,0.5,0.5,0.699772497734611
139,28,0.0,0,1,0.357,0.5,0.5,0.699772497734611
139,29,2.1497450304739583,2,0,0.357,0.5,0.5,0.699772497734611
139,30,0.0,0,1,0.357,0.5,0.5,0.699772497734611
139,31,0.0,0,1,0.357,0.5,0.5,0.699772497734611
139,32,0.0,0,1,0.357,0.5,0.5,0.699772497734611
139,33,0.0,0,1,0.357,0.5,0.5,0.699772497734611
139,34,0.0,0,1,0.357,0.5,0.5,0.699772497734611
139,35,1.940183124017521,1,0,0.357,0.5,0.5,0.699772497734611
139,36,0.0,0,1,0.357,0.5,0.5,0.699772497734611
139,37,0.16400548282625343,1,0,0.357,0.5,0.5,0.699772497734611
139,38,0.0,0,1,0.357,0.5,0.5,0.699772497734611
139,39,4.757844003915772,1,0,0.357,0.5,0.5,0.699772497734611
139,40,0.0,0,1,0.357,0.5,0.5,0.699772497734611
139,41,0.0,0,1,0.357,0.5,0.5,0.699772497734611
139,42,0.0,0,1,0.357,0.5,0.5,0.699772497734611
139,43,0.0,0,1,0.357,0.5,0.5,0.699772497734611
139,44,0.0005700593793822623,1,0,0.357,0.5,0.5,0.699772497734611
139,45,0.0,0,1,0.357,0.5,0.5,0.699772497734611
139,46,0.0,0,1,0.357,0.5,0.5,0.699772497734611
139,47,0.0,0,1,0.357,0.5,0.5,0.699772497734611
139,48,0.0,0,1,0.357,0.5,0.5,0.699772497734611
139,49,2.56548330330386,1,0,0.357,0.5,0.5,0.699772497734611
140,0,0.03890844937797555,1,0,0.357,0.5,0.5,0.699772497734611
140,1,0.0,0,1,0.357,0.5,0.5,0.699772497734611
140,2,0.0,0,1,0.357,0.5,0.5,0.699772497734611
140,3,0.0,0,1,0.357,0.5,0.5,0.699772497734611
140,4,2.725233020057185,1,0,0.357,0.5,0.5,0.699772497734611
140,5,1.4093852535882327,1,0,0.357,0.5,0.5,0.699772497734611
140,6,0.0,0,1,0.357,0.5,0.5,0.699772497734611
140,7,0.0,0,1,0.357,0.5,0.5,0.699772497734611
140,8,0.0,0,1,0.357,0.5,0.5,0.699772497734611
140,9,0.0329547542847792,1,0,0.357,0.5,0.5,0.699772497734611
140,10,0.0,0,1,0.357,0.5,0.5,0.699772497734611
140,11,0.0,0,1,0.357,0.5,0.5,0.699772497734611
140,12,0.0,0,1,0.357,0.5,0.5,0.699772497734611
140,13,0.0,0,1,0.357,0.5,0.5,0.699772497734611
140,14,1.2172146669861068,1,0,0.357,0.5,0.5,0.699772497734611
140,15,0.0,0,1,0.357,0.5,0.5,0.699772497734611
140,16,0.0,0,1,0.357,0.5,0.5,0.699772497734611
140,17,2.52628501573202,1,0,0.357,0.5,0.5,0.699772497734611
140,18,0.0,0,1,0.357,0.5,0.5,0.699772497734611
140,19,0.0,0,1,0.357,0.5,0.5,0.699772497734611
140,20,0.0,0,1,0.357,0.5,0.5,0.699772497734611
140,21,0.0,0,1,0.357,0.5,0.5,0.699772497734611
140,22,0.051856859224511775,1,0,0.357,0.5,0.5,0.699772497734611
140,23,0.0,0,1,0.357,0.5,0.5,0.699772497734611
140,24,0.0,0,1,0.357,0.5,0.5,0.699772497734611
140,25,0.0,0,1,0.357,0.5,0.5,0.699772497734611
140,26,0.0,0,1,0.357,0.5,0.5,0.699772497734611
140,27,0.0,0,1,0.357,0.5,0.5,0.699772497734611
140,28,1.183846063837886,1,0,0.357,0.5,0.5,0.699772497734611
140,29,0.0,0,1,0.357,0.5,0.5,0.699772497734611
140,30,0.0,0,1,0.357,0.5,0.5,0.699772497734611
140,31,0.0,0,1,0.357,0.5,0.5,0.699772497734611
140,32,0.7041817664211548,1,0,0.357,0.5,0.5,0.699772497734611
140,33,0.0,0,1,0.357,0.5,0.5,0.699772497734611
140,34,0.0,0,1,0.357,0.5,0.5,0.699772497734611
140,35,0.0,0,1,0.357,0.5,0.5,0.699772497734611
140,36,0.21433460039284816,1,0,0.357,0.5,0.5,0.699772497734611
140,37,0.0,0,1,0.357,0.5,0.5,0.699772497734611
140,38,0.0,0,1,0.357,0.5,0.5,0.699772497734611
140,39,0.0,0,1,0.357,0.5,0.5,0.699772497734611
140,40,0.0,0,1,0.357,0.5,0.5,0.699772497734611
140,41,0.0,0,1,0.357,0.5,0.5,0.699772497734611
140,42,0.0,0,1,0.357,0.5,0.5,0.699772497734611
140,43,0.12670653253898312,1,0,0.357,0.5,0.5,0.699772497734611
140,44,0.0,0,1,0.357,0.5,0.5,0.699772497734611
140,45,0.0,0,1,0.357,0.5,0.5,0.699772497734611
140,46,0.0,0,1,0.357,0.5,0.5,0.699772497734611
140,47,0.9226011711287609,1,0,0.357,0.5,0.5,0.699772497734611
140,48,0.0,0,1,0.357,0.5,0.5,0.699772497734611
140,49,3.3074093746581017,1,0,0.357,0.5,0.5,0.699772497734611
141,0,0.0,0,1,0.357,0.5,0.5,0.699772497734611
141,1,0.0,0,1,0.357,0.5,0.5,0.699772497734611
141,2,2.4610654930215947,1,0,0.357,0.5,0.5,0.699772497734611
141,3,0.0,0,1,0.357,0.5,0.5,0.699772497734611
141,4,0.0,0,1,0.357,0.5,0.5,0.699772497734611
141,5,0.0,0,1,0.357,0.5,0.5,0.699772497734611
141,6,0.0,0,1,0.357,0.5,0.5,0.699772497734611
141,7,0.5261009561322901,1,0,0.357,0.5,0.5,0.699772497734611
141,8,0.0,0,1,0.357,0.5,0.5,0.699772497734611
141,9,0.0,0,1,0.357,0.5,0.5,0.699772497734611
141,10,0.0,0,1,0.357,0.5,0.5,0.699772497734611
141,11,0.0,0,1,0.357,0.5,0.5,0.699772497734611
141,12,0.0,0,1,0.357,0.5,0.5,0.699772497734611
141,13,0.0,0,1,0.357,0.5,0.5,0.699772497734611
141,14,0.7779696872469476,1,0,0.357,0.5,0.5,0.699772497734611
141,15,0.0,0,1,0.357,0.5,0.5,0.699772497734611
141,16,0.0,0,1,0.357,0.5,0.5,0.699772497734611
141,17,0.0,0,1,0.357,0.5,0.5,0.699772497734611
141,18,0.0,0,1,0.357,0.5,0.5,0.699772497734611
141,19,0.0,0,1,0.357,0.5,0.5,0.699772497734611
141,20,0.0,0,1,0.357,0.5,0.5,0.699772497734611
141,21,0.0,0,1,0.357,0.5,0.5,0.699772497734611
141,22,0.0,0,1,0.357,0.5,0.5,0.699772497734611
141,23,0.0,0,1,0.357,0.5,0.5,0.699772497734611
141,24,0.0,0,1,0.357,0.5,0.5,0.699772497734611
141,25,0.029471343252251765,1,0,0.357,0.5,0.5,0.699772497734611
141,26,0.0,0,1,0.357,0.5,0.5,0.699772497734611
141,27,0.05103296833650633,1,0,0.357,0.5,0.5,0.699772497734611
141,28,0.0,0,1,0.357,0.5,0.5,0.699772497734611
141,29,0.0,0,1,0.357,0.5,0.5,0.699772497734611
141,30,0.4555207482071979,1,0,0.357,0.5,0.5,0.699772497734611
141,31,0.0,0,1,0.357,0.5,0.5,0.699772497734611
141,32,0.0,0,1,0.357,0.5,0.5,0.699772497734611
141,33,0.0,0,1,0.357,0.5,0.5,0.699772497734611
141,34,0.0,0,1,0.357,0.5,0.5,0.699772497734611
141,35,0.0,0,1,0.357,0.5,0.5,0.699772497734611
141,36,0.0,0,1,0.357,0.5,0.5,0.699772497734611
141,37,0.0,0,1,0.357,0.5,0.5,0.699772497734611
141,38,0.8601040790369365,1,0,0.357,0.5,0.5,0.699772497734611
141,39,0.17038704128266927,1,0,0.357,0.5,0.5,0.699772497734611
141,40,0.0,0,1,0.357,0.5,0.5,0.699772497734611
141,41,0.0,0,1,0.357,0.5,0.5,0.699772497734611
141,42,0.1355027325967681,1,0,0.357,0.5,0.5,0.699772497734611
141,43,1.530038052557095,1,0,0.357,0.5,0.5,0.699772497734611
141,44,0.5454767362557118,1,0,0.357,0.5,0.5,0.699772497734611
141,45,0.0,0,1,0.357,0.5,0.5,0.699772497734611
141,46,0.0,0,1,0.357,0.5,0.5,0.699772497734611
141,47,0.0,0,1,0.357,0.5,0.5,0.699772497734611
141,48,0.0,0,1,0.357,0.5,0.5,0.699772497734611
141,49,0.259009721574732,2,0,0.357,0.5,0.5,0.699772497734611
142,0,0.0,0,1,0.357,0.5,0.5,0.699772497734611
142,1,0.24168397249907214,1,0,0.357,0.5,0.5,0.699772497734611
142,2,0.0,0,1,0.357,0.5,0.5,0.699772497734611
142,3,0.0,0,1,0.357,0.5,0.5,0.699772497734611
142,4,0.19387290487149786,1,0,0.357,0.5,0.5,0.699772497734611
142,5,0.0,0,1,0.357,0.5,0.5,0.699772497734611
142,6,3.274121479266112,1,0,0.357,0.5,0.5,0.699772497734611
142,7,0.0,0,1,0.357,0.5,0.5,0.699772497734611
142,8,0.0694977657385171,1,0,0.357,0.5,0.5,0.699772497734611
142,9,0.0,0,1,0.357,0.5,0.5,0.699772497734611
142,10,0.0,0,1,0.357,0.5,0.5,0.699772497734611
142,11,0.0,0,1,0.357,0.5,0.5,0.699772497734611
142,12,1.9817932361248813,2,0,0.357,0.5,0.5,0.699772497734611
142,13,0.0,0,1,0.357,0.5,0.5,0.699772497734611
142,14,0.0,0,1,0.357,0.5,0.5,0.699772497734611
142,15,0.0,0,1,0.357,0.5,0.5,0.699772497734611
142,16,0.0,0,1,0.357,0.5,0.5,0.699772497734611
142,17,0.0,0,1,0.357,0.5,0.5,0.699772497734611
142,18,0.04594713952786245,2,0,0.357,0.5,0.5,0.699772497734611
142,19,0.3702622430482729,1,0,0.357,0.5,0.5,0.699772497734611
142,20,1.5223204747904093,1,0,0.357,0.5,0.5,0.699772497734611
142,21,1.2339004373372955,3,0,0.357,0.5,0.5,0.699772497734611
142,22,0.0,0,1,0.357,0.5,0.5,0.699772497734611
142,23,0.0,0,1,0.357,0.5,0.5,0.699772497734611
142,24,0.0,0,1,0.357,0.5,0.5,0.699772497734611
142,25,0.0,0,1,0.357,0.5,0.5,0.699772497734611
142,26,0.0,0,1,0.357,0.5,0.5,0.699772497734611
142,27,0.0,0,1,0.357,0.5,0.5,0.699772497734611
142,28,0.0,0,1,0.357,0.5,0.5,0.699772497734611
142,29,0.0,0,1,0.357,0.5,0.5,0.699772497734611
142,30,0.0,0,1,0.357,0.5,0.5,0.699772497734611
142,31,0.08641960098800869,1,0,0.357,0.5,0.5,0.699772497734611
142,32,0.0005220663191936557,1,0,0.357,0.5,0.5,0.699772497734611
142,33,0.0,0,1,0.357,0.5,0.5,0.699772497734611
142,34,0.0,0,1,0.357,0.5,0.5,0.699772497734611
142,35,0.0,0,1,0.357,0.5,0.5,0.699772497734611
142,36,0.0,0,1,0.357,0.5,0.5,0.699772497734611
142,37,0.0,0,1,0.357,0.5,0.5,0.699772497734611
142,38,0.0,0,1,0.357,0.5,0.5,0.699772497734611
142,39,0.0,0,1,0.357,0.5,0.5,0.699772497734611
142,40,0.20493996038177403,1,0,0.357,0.5,0.5,0.699772497734611
142,41,0.09248383732078176,1,0,0.357,0.5,0.5,0.699772497734611
142,42,0.0,0,1,0.357,0.5,0.5,0.699772497734611
142,43,0.0,0,1,0.357,0.5,0.5,0.699772497734611
142,44,0.0,0,1,0.357,0.5,0.5,0.699772497734611
142,45,0.00039724941749384984,1,0,0.357,0.5,0.5,0.699772497734611
142,46,0.0,0,1,0.357,0.5,0.5,0.699772497734611
142,47,0.09184470163909615,1,0,0.357,0.5,0.5,0.699772497734611
142,48,0.0,0,1,0.357,0.5,0.5,0.699772497734611
142,49,0.0,0,1,0.357,0.5,0.5,0.699772497734611
143,0,0.0,0,1,0.357,0.5,0.5,0.699772497734611
143,1,0.0037204745963501985,1,0,0.357,0.5,0.5,0.699772497734611
143,2,0.0,0,1,0.357,0.5,0.5,0.699772497734611
143,3,0.0,0,1,0.357,0.5,0.5,0.699772497734611
143,4,1.909258219332305,1,0,0.357,0.5,0.5,0.699772497734611
143,5,2.709099206295812,1,0,0.357,0.5,0.5,0.699772497734611
143,6,0.0,0,1,0.357,0.5,0.5,0.699772497734611
143,7,0.0,0,1,0.357,0.5,0.5,0.699772497734611
143,8,1.436871364717961,1,0,0.357,0.5,0.5,0.699772497734611
143,9,0.00897166540480678,1,0,0.357,0.5,0.5,0.699772497734611
143,10,0.0,0,1,0.357,0.5,0.5,0.699772497734611
143,11,0.0,0,1,0.357,0.5,0.5,0.699772497734611
143,12,0.5646948310958279,1,0,0.357,0.5,0.5,0.699772497734611
143,13,0.0,0,1,0.357,0.5,0.5,0.699772497734611
143,14,0.8114709159731601,1,0,0.357,0.5,0.5,0.699772497734611
143,15,0.0,0,1,0.357,0.5,0.5,0.699772497734611
143,16,0.0,0,1,0.357,0.5,0.5,0.699772497734611
143,17,0.0,0,1,0.357,0.5,0.5,0.699772497734611
143,18,0.0,0,1,0.357,0.5,0.5,0.699772497734611
143,19,0.0,0,1,0.357,0.5,0.5,0.699772497734611
143,20,0.0,0,1,0.357,0.5,0.5,0.699772497734611
143,21,0.0,0,1,0.357,0.5,0.5,0.699772497734611
143,22,0.0,0,1,0.357,0.5,0.5,0.699772497734611
143,23,0.0,0,1,0.357,0.5,0.5,0.699772497734611
143,24,0.13527704426534307,1,0,0.357,0.5,0.5,0.699772497734611
143,25,0.0,0,1,0.357,0.5,0.5,0.699772497734611
143,26,0.0,0,1,0.357,0.5,0.5,0.699772497734611
143,27,0.0,0,1,0.357,0.5,0.5,0.699772497734611
143,28,0.0,0,1,0.357,0.5,0.5,0.699772497734611
143,29,0.9891439037888708,1,0,0.357,0.5,0.5,0.699772497734611
143,30,1.3649386930837502,1,0,0.357,0.5,0.5,0.699772497734611
143,31,0.0,0,1,0.357,0.5,0.5,0.699772497734611
143,32,0.0,0,1,0.357,0.5,0.5,0.699772497734611
143,33,0.0,0,1,0.357,0.5,0.5,0.699772497734611
143,34,0.0,0,1,0.357,0.5,0.5,0.699772497734611
143,35,0.0,0,1,0.357,0.5,0.5,0.699772497734611
143,36,0.0,0,1,0.357,0.5,0.5,0.699772497734611
143,37,0.0,0,1,0.357,0.5,0.5,0.699772497734611
143,38,0.0,0,1,0.357,0.5,0.5,0.699772497734611
143,39,1.0312510161812736,1,0,0.357,0.5,0.5,0.699772497734611
143,40,0.0,0,1,0.357,0.5,0.5,0.699772497734611
143,41,1.4081771365251678,1,0,0.357,0.5,0.5,0.699772497734611
143,42,0.0,0,1,0.357,0.5,0.5,0.699772497734611
143,43,4.52807877649875,1,0,0.357,0.5,0.5,0.699772497734611
143,44,0.0,0,1,0.357,0.5,0.5,0.699772497734611
143,45,0.0,0,1,0.357,0.5,0.5,0.699772497734611
143,46,0.0,0,1,0.357,0.5,0.5,0.699772497734611
143,47,0.0,0,1,0.357,0.5,0.5,0.699772497734611
143,48,2.0018834195423962e-06,1,0,0.357,0.5,0.5,0.699772497734611
143,49,2.3531012818594568,1,0,0.357,0.5,0.5,0.699772497734611
144,0,0.0,0,1,0.357,0.5,0.5,0.699772497734611
144,1,0.08340699088135518,1,0,0.357,0.5,0.5,0.699772497734611
144,2,0.0,0,1,0.357,0.5,0.5,0.699772497734611
144,3,0.0,0,1,0.357,0.5,0.5,0.699772497734611
144,4,0.13251318144183724,1,0,0.357,0.5,0.5,0.699772497734611
144,5,0.5744419842917021,2,0,0.357,0.5,0.5,0.699772497734611
144,6,0.0,0,1,0.357,0.5,0.5,0.699772497734611
144,7,0.0,0,1,0.357,0.5,0.5,0.699772497734611
144,8,0.0,0,1,0.357,0.5,0.5,0.699772497734611
144,9,0.06729958402002156,1,0,0.357,0.5,0.5,0.699772497734611
144,10,0.0,0,1,0.357,0.5,0.5,0.699772497734611
144,11,0.0,0,1,0.357,0.5,0.5,0.699772497734611
144,12,0.0,0,1,0.357,0.5,0.5,0.699772497734611
144,13,0.0,0,1,0.357,0.5,0.5,0.699772497734611
144,14,0.0,0,1,0.357,0.5,0.5,0.699772497734611
144,15,0.0,0,1,0.357,0.5,0.5,0.699772497734611
144,16,0.0,0,1,0.357,0.5,0.5,0.699772497734611
144,17,0.0,0,1,0.357,0.5,0.5,0.699772497734611
144,18,1.6994037258382253,1,0,0.357,0.5,0.5,0.699772497734611
144,19,0.31693360498405554,1,0,0.357,0.5,0.5,0.699772497734611
144,20,0.9084278196934835,1,0,0.357,0.5,0.5,0.699772497734611
144,21,0.0,0,1,0.357,0.5,0.5,0.699772497734611
144,22,0.0,0,1,0.357,0.5,0.5,0.699772497734611
144,23,6.196986016197521,1,0,0.357,0.5,0.5,0.699772497734611
144,24,0.2388278562360766,1,0,0.357,0.5,0.5,0.699772497734611
144,25,0.5756326966441063,1,0,0.357,0.5,0.5,0.699772497734611
144,26,0.0,0,1,0.357,0.5,0.5,0.699772497734611
144,27,0.6442541631410702,1,0,0.357,0.5,0.5,0.699772497734611
144,28,0.0,0,1,0.357,0.5,0.5,0.699772497734611
144,29,0.0,0,1,0.357,0.5,0.5,0.699772497734611
144,30,0.16391779584899277,1,0,0.357,0.5,0.5,0.699772497734611
144,31,0.0,0,1,0.357,0.5,0.5,0.699772497734611
144,32,0.0,0,1,0.357,0.5,0.5,0.699772497734611
144,33,0.32821960600513533,2,0,0.357,0.5,0.5,0.699772497734611
144,34,0.0,0,1,0.357,0.5,0.5,0.699772497734611
144,35,0.7689287742537525,1,0,0.357,0.5,0.5,0.699772497734611
144,36,3.279462945641777,1,0,0.357,0.5,0.5,0.699772497734611
144,37,0.0,0,1,0.357,0.5,0.5,0.699772497734611
144,38,0.0,0,1,0.357,0.5,0.5,0.699772497734611
144,39,0.6370468266170443,1,0,0.357,0.5,0.5,0.699772497734611
144,40,0.0,0,1,0.357,0.5,0.5,0.699772497734611
144,41,0.0,0,1,0.357,0.5,0.5,0.699772497734611
144,42,2.809586920182531,1,0,0.357,0.5,0.5,0.699772497734611
144,43,0.02921126541746362,1,0,0.357,0.5,0.5,0.699772497734611
144,44,0.0,0,1,0.357,0.5,0.5,0.699772497734611
144,45,0.0,0,1,0.357,0.5,0.5,0.699772497734611
144,46,0.0,0,1,0.357,0.5,0.5,0.699772497734611
144,47,0.0,0,1,0.357,0.5,0.5,0.699772497734611
144,48,0.0,0,1,0.357,0.5,0.5,0.699772497734611
144,49,0.0,0,1,0.357,0.5,0.5,0.699772497734611
145,0,0.0,0,1,0.357,0.5,0.5,0.699772497734611
145,1,0.0,0,1,0.357,0.5,0.5,0.699772497734611
145,2,0.0,0,1,0.357,0.5,0.5,0.699772497734611
145,3,0.4051956841195989,1,0,0.357,0.5,0.5,0.699772497734611
145,4,0.35656188982489695,1,0,0.357,0.5,0.5,0.699772497734611
145,5,0.0,0,1,0.357,0.5,0.5,0.699772497734611
145,6,0.29873735348260383,1,0,0.357,0.5,0.5,0.699772497734611
145,7,0.2661704383959199,1,0,0.357,0.5,0.5,0.699772497734611
145,8,4.012160223469714,1,0,0.357,0.5,0.5,0.699772497734611
145,9,0.0,0,1,0.357,0.5,0.5,0.699772497734611
145,10,0.0,0,1,0.357,0.5,0.5,0.699772497734611
145,11,0.0,0,1,0.357,0.5,0.5,0.699772497734611
145,12,0.0,0,1,0.357,0.5,0.5,0.699772497734611
145,13,0.015324571811517433,1,0,0.357,0.5,0.5,0.699772497734611
145,14,0.0,0,1,0.357,0.5,0.5,0.699772497734611
145,15,0.0,0,1,0.357,0.5,0.5,0.699772497734611
145,16,0.0,0,1,0.357,0.5,0.5,0.699772497734611
145,17,0.0,0,1,0.357,0.5,0.5,0.699772497734611
145,18,0.0,0,1,0.357,0.5,0.5,0.699772497734611
145,19,0.0,0,1,0.357,0.5,0.5,0.699772497734611
145,20,0.0,0,1,0.357,0.5,0.5,0.699772497734611
145,21,0.0,0,1,0.357,0.5,0.5,0.699772497734611
145,22,0.00457049592048877,1,0,0.357,0.5,0.5,0.699772497734611
145,23,0.0,0,1,0.357,0.5,0.5,0.699772497734611
145,24,0.0,0,1,0.357,0.5,0.5,0.699772497734611
145,25,0.0,0,1,0.357,0.5,0.5,0.699772497734611
145,26,0.0,0,1,0.357,0.5,0.5,0.699772497734611
145,27,0.0,0,1,0.357,0.5,0.5,0.699772497734611
145,28,0.0,0,1,0.357,0.5,0.5,0.699772497734611
145,29,0.1727245775467576,1,0,0.357,0.5,0.5,0.699772497734611
145,30,0.05705094217524411,1,0,0.357,0.5,0.5,0.699772497734611
145,31,0.0,0,1,0.357,0.5,0.5,0.699772497734611
145,32,0.0,0,1,0.357,0.5,0.5,0.699772497734611
145,33,0.0,0,1,0.357,0.5,0.5,0.699772497734611
145,34,0.0,0,1,0.357,0.5,0.5,0.699772497734611
145,35,0.0,0,1,0.357,0.5,0.5,0.699772497734611
145,36,0.0,0,1,0.357,0.5,0.5,0.699772497734611
145,37,0.0,0,1,0.357,0.5,0.5,0.699772497734611
145,38,0.08754286235092151,1,0,0.357,0.5,0.5,0.699772497734611
145,39,0.0,0,1,0.357,0.5,0.5,0.699772497734611
145,40,0.0,0,1,0.357,0.5,0.5,0.699772497734611
145,41,0.0,0,1,0.357,0.5,0.5,0.699772497734611
145,42,0.0,0,1,0.357,0.5,0.5,0.699772497734611
145,43,0.0,0,1,0.357,0.5,0.5,0.699772497734611
145,44,1.2340833202774235,1,0,0.357,0.5,0.5,0.699772497734611
145,45,0.0,0,1,0.357,0.5,0.5,0.699772497734611
145,46,0.0,0,1,0.357,0.5,0.5,0.699772497734611
145,47,0.0,0,1,0.357,0.5,0.5,0.699772497734611
145,48,0.0,0,1,0.357,0.5,0.5,0.699772497734611
145,49,0.0,0,1,0.357,0.5,0.5,0.699772497734611
146,0,0.2783879542915085,1,0,0.357,0.5,0.5,0.699772497734611
146,1,0.535294386594689,1,0,0.357,0.5,0.5,0.699772497734611
146,2,3.1312622932855536,1,0,0.357,0.5,0.5,0.699772497734611
146,3,0.0,0,1,0.357,0.5,0.5,0.699772497734611
146,4,0.0,0,1,0.357,0.5,0.5,0.699772497734611
146,5,0.020891798460886256,1,0,0.357,0.5,0.5,0.699772497734611
146,6,0.0,0,1,0.357,0.5,0.5,0.699772497734611
146,7,3.7594358320964454,1,0,0.357,0.5,0.5,0.699772497734611
146,8,0.0,0,1,0.357,0.5,0.5,0.699772497734611
146,9,0.0,0,1,0.357,0.5,0.5,0.699772497734611
146,10,0.5153935784481822,2,0,0.357,0.5,0.5,0.699772497734611
146,11,0.0,0,1,0.357,0.5,0.5,0.699772497734611
146,12,0.0,0,1,0.357,0.5,0.5,0.699772497734611
146,13,1.3408171726209142,1,0,0.357,0.5,0.5,0.699772497734611
146,14,3.6544558163980883,2,0,0.357,0.5,0.5,0.699772497734611
146,15,0.0,0,1,0.357,0.5,0.5,0.699772497734611
146,16,0.0,0,1,0.357,0.5,0.5,0.699772497734611
146,17,0.06079650099741364,1,0,0.357,0.5,0.5,0.699772497734611
146,18,0.8033637418225309,1,0,0.357,0.5,0.5,0.699772497734611
146,19,0.7128722326835525,1,0,0.357,0.5,0.5,0.699772497734611
146,20,0.0,0,1,0.357,0.5,0.5,0.699772497734611
146,21,0.17256032454863499,2,0,0.357,0.5,0.5,0.699772497734611
146,22,0.0,0,1,0.357,0.5,0.5,0.699772497734611
146,23,0.0,0,1,0.357,0.5,0.5,0.699772497734611
146,24,0.0,0,1,0.357,0.5,0.5,0.699772497734611
146,25,0.0,0,1,0.357,0.5,0.5,0.699772497734611
146,26,0.8903036600195073,1,0,0.357,0.5,0.5,0.699772497734611
146,27,0.0,0,1,0.357,0.5,0.5,0.699772497734611
146,28,0.4490860378184658,2,0,0.357,0.5,0.5,0.699772497734611
146,29,0.0,0,1,0.357,0.5,0.5,0.699772497734611
146,30,0.8362820008005304,1,0,0.357,0.5,0.5,0.699772497734611
146,31,3.1549775249006227,3,0,0.357,0.5,0.5,0.699772497734611
146,32,2.201770277300002,1,0,0.357,0.5,0.5,0.699772497734611
146,33,0.0,0,1,0.357,0.5,0.5,0.699772497734611
146,34,0.020570220207954133,1,0,0.357,0.5,0.5,0.699772497734611
146,35,0.0,0,1,0.357,0.5,0.5,0.699772497734611
146,36,0.0,0,1,0.357,0.5,0.5,0.699772497734611
146,37,0.0,0,1,0.357,0.5,0.5,0.699772497734611
146,38,0.0,0,1,0.357,0.5,0.5,0.699772497734611
146,39,0.0,0,1,0.357,0.5,0.5,0.699772497734611
146,40,0.0,0,1,0.357,0.5,0.5,0.699772497734611
146,41,0.5537803291823098,1,0,0.357,0.5,0.5,0.699772497734611
146,42,0.10551006139403604,1,0,0.357,0.5,0.5,0.699772497734611
146,43,0.0,0,1,0.357,0.5,0.5,0.699772497734611
146,44,0.0,0,1,0.357,0.5,0.5,0.699772497734611
146,45,0.0,0,1,0.357,0.5,0.5,0.699772497734611
146,46,0.7287444902805706,2,0,0.357,0.5,0.5,0.699772497734611
146,47,0.0,0,1,0.357,0.5,0.5,0.699772497734611
146,48,0.0,0,1,0.357,0.5,0.5,0.699772497734611
146,49,0.600108311105923,1,0,0.357,0.5,0.5,0.699772497734611
147,0,0.6742790132734852,1,0,0.357,0.5,0.5,0.699772497734611
147,1,0.0,0,1,0.357,0.5,0.5,0.699772497734611
147,2,3.6819128848824523,1,0,0.357,0.5,0.5,0.699772497734611
147,3,0.022636267486664204,1,0,0.357,0.5,0.5,0.699772497734611
147,4,3.399486539405792,1,0,0.357,0.5,0.5,0.699772497734611
147,5,0.0,0,1,0.357,0.5,0.5,0.699772497734611
147,6,1.7570151342408689,1,0,0.357,0.5,0.5,0.699772497734611
147,7,0.0,0,1,0.357,0.5,0.5,0.699772497734611
147,8,0.0,0,1,0.357,0.5,0.5,0.699772497734611
147,9,0.0,0,1,0.357,0.5,0.5,0.699772497734611
147,10,0.0,0,1,0.357,0.5,0.5,0.699772497734611
147,11,2.3422593906079343,1,0,0.357,0.5,0.5,0.699772497734611
147,12,0.0,0,1,0.357,0.5,0.5,0.699772497734611
147,13,0.0,0,1,0.357,0.5,0.5,0.699772497734611
147,14,0.10355243621711689,1,0,0.357,0.5,0.5,0.699772497734611
147,15,0.0,0,1,0.357,0.5,0.5,0.699772497734611
147,16,0.0,0,1,0.357,0.5,0.5,0.699772497734611
147,17,0.0,0,1,0.357,0.5,0.5,0.699772497734611
147,18,0.0,0,1,0.357,0.5,0.5,0.699772497734611
147,19,1.743611819512422,2,0,0.357,0.5,0.5,0.699772497734611
147,20,0.21913942617240098,1,0,0.357,0.5,0.5,0.699772497734611
147,21,6.346704735117368,1,0,0.357,0.5,0.5,0.699772497734611
147,22,0.0,0,1,0.357,0.5,0.5,0.699772497734611
147,23,0.0,0,1,0.357,0.5,0.5,0.699772497734611
147,24,0.0,0,1,0.357,0.5,0.5,0.699772497734611
147,25,0.0,0,1,0.357,0.5,0.5,0.699772497734611
147,26,0.0,0,1,0.357,0.5,0.5,0.699772497734611
147,27,0.0,0,1,0.357,0.5,0.5,0.699772497734611
147,28,0.12598670103127044,1,0,0.357,0.5,0.5,0.699772497734611
147,29,0.0,0,1,0.357,0.5,0.5,0.699772497734611
147,30,1.0448206629900803,1,0,0.357,0.5,0.5,0.699772497734611
147,31,0.3278541790087498,2,0,0.357,0.5,0.5,0.699772497734611
147,32,0.0,0,1,0.357,0.5,0.5,0.699772497734611
147,33,0.0,0,1,0.357,0.5,0.5,0.699772497734611
147,34,0.0,0,1,0.357,0.5,0.5,0.699772497734611
147,35,0.2912596588832873,1,0,0.357,0.5,0.5,0.699772497734611
147,36,0.13061942789998743,1,0,0.357,0.5,0.5,0.699772497734611
147,37,0.0,0,1,0.357,0.5,0.5,0.699772497734611
147,38,0.05123099876643364,1,0,0.357,0.5,0.5,0.699772497734611
147,39,0.0,0,1,0.357,0.5,0.5,0.699772497734611
147,40,0.0,0,1,0.357,0.5,0.5,0.699772497734611
147,41,0.0,0,1,0.357,0.5,0.5,0.699772497734611
147,42,0.0,0,1,0.357,0.5,0.5,0.699772497734611
147,43,0.0,0,1,0.357,0.5,0.5,0.699772497734611
147,44,0.028255988598249095,1,0,0.357,0.5,0.5,0.699772497734611
147,45,0.0,0,1,0.357,0.5,0.5,0.699772497734611
147,46,0.0,0,1,0.357,0.5,0.5,0.699772497734611
147,47,0.0,0,1,0.357,0.5,0.5,0.699772497734611
147,48,0.0,0,1,0.357,0.5,0.5,0.699772497734611
147,49,0.0,0,1,0.357,0.5,0.5,0.699772497734611
148,0,0.15112162220414307,1,0,0.357,0.5,0.5,0.699772497734611
148,1,0.09575047491235347,1,0,0.357,0.5,0.5,0.699772497734611
148,2,2.1682957236121077,1,0,0.357,0.5,0.5,0.699772497734611
148,3,0.14568375835642522,1,0,0.357,0.5,0.5,0.699772497734611
148,4,0.0,0,1,0.357,0.5,0.5,0.699772497734611
148,5,0.0,0,1,0.357,0.5,0.5,0.699772497734611
148,6,0.0,0,1,0.357,0.5,0.5,0.699772497734611
148,7,0.0,0,1,0.357,0.5,0.5,0.699772497734611
148,8,0.0,0,1,0.357,0.5,0.5,0.699772497734611
148,9,0.05140497675173181,1,0,0.357,0.5,0.5,0.699772497734611
148,10,0.0,0,1,0.357,0.5,0.5,0.699772497734611
148,11,0.0,0,1,0.357,0.5,0.5,0.699772497734611
148,12,10.498434406181799,1,0,0.357,0.5,0.5,0.699772497734611
148,13,6.169945269736624e-05,1,0,0.357,0.5,0.5,0.699772497734611
148,14,0.0,0,1,0.357,0.5,0.5,0.699772497734611
148,15,2.487713311915221,2,0,0.357,0.5,0.5,0.699772497734611
148,16,0.0,0,1,0.357,0.5,0.5,0.699772497734611
148,17,0.0,0,1,0.357,0.5,0.5,0.699772497734611
148,18,0.0,0,1,0.357,0.5,0.5,0.699772497734611
148,19,0.0,0,1,0.357,0.5,0.5,0.699772497734611
148,20,0.0,0,1,0.357,0.5,0.5,0.699772497734611
148,21,0.0,0,1,0.357,0.5,0.5,0.699772497734611
148,22,0.0,0,1,0.357,0.5,0.5,0.699772497734611
148,23,0.8687688124160965,1,0,0.357,0.5,0.5,0.699772497734611
148,24,0.7865584954453748,1,0,0.357,0.5,0.5,0.699772497734611
148,25,0.0,0,1,0.357,0.5,0.5,0.699772497734611
148,26,0.0,0,1,0.357,0.5,0.5,0.699772497734611
148,27,0.0,0,1,0.357,0.5,0.5,0.699772497734611
148,28,0.0,0,1,0.357,0.5,0.5,0.699772497734611
148,29,0.0,0,1,0.357,0.5,0.5,0.699772497734611
148,30,0.0,0,1,0.357,0.5,0.5,0.699772497734611
148,31,0.0,0,1,0.357,0.5,0.5,0.699772497734611
148,32,0.5929459190860488,1,0,0.357,0.5,0.5,0.699772497734611
148,33,0.3976831191116415,1,0,0.357,0.5,0.5,0.699772497734611
148,34,0.0,0,1,0.357,0.5,0.5,0.699772497734611
148,35,0.0,0,1,0.357,0.5,0.5,0.699772497734611
148,36,0.0,0,1,0.357,0.5,0.5,0.699772497734611
148,37,0.0,0,1,0.357,0.5,0.5,0.699772497734611
148,38,0.0,0,1,0.357,0.5,0.5,0.699772497734611
148,39,0.0,0,1,0.357,0.5,0.5,0.699772497734611
148,40,1.2305906892496499,1,0,0.357,0.5,0.5,0.699772497734611
148,41,0.0,0,1,0.357,0.5,0.5,0.699772497734611
148,42,0.5454252957743068,2,0,0.357,0.5,0.5,0.699772497734611
148,43,0.0,0,1,0.357,0.5,0.5,0.699772497734611
148,44,0.0,0,1,0.357,0.5,0.5,0.699772497734611
148,45,0.0,0,1,0.357,0.5,0.5,0.699772497734611
148,46,0.0,0,1,0.357,0.5,0.5,0.699772497734611
148,47,0.0,0,1,0.357,0.5,0.5,0.699772497734611
148,48,0.0,0,1,0.357,0.5,0.5,0.699772497734611
148,49,0.0,0,1,0.357,0.5,0.5,0.699772497734611
149,0,0.0038527825580977337,1,0,0.357,0.5,0.5,0.699772497734611
149,1,0.6587589466669406,1,0,0.357,0.5,0.5,0.699772497734611
149,2,0.0,0,1,0.357,0.5,0.5,0.699772497734611
149,3,0.0,0,1,0.357,0.5,0.5,0.699772497734611
149,4,0.0,0,1,0.357,0.5,0.5,0.699772497734611
149,5,0.6098060577775862,1,0,0.357,0.5,0.5,0.699772497734611
149,6,0.0,0,1,0.357,0.5,0.5,0.699772497734611
149,7,0.0,0,1,0.357,0.5,0.5,0.699772497734611
149,8,0.0,0,1,0.357,0.5,0.5,0.699772497734611
149,9,2.0837667289420665,1,0,0.357,0.5,0.5,0.699772497734611
149,10,0.0,0,1,0.357,0.5,0.5,0.699772497734611
149,11,0.0,0,1,0.357,0.5,0.5,0.699772497734611
149,12,0.0,0,1,0.357,0.5,0.5,0.699772497734611
149,13,0.16766757933768148,1,0,0.357,0.5,0.5,0.699772497734611
149,14,0.0,0,1,0.357,0.5,0.5,0.699772497734611
149,15,2.28231257727345,1,0,0.357,0.5,0.5,0.699772497734611
149,16,0.0,0,1,0.357,0.5,0.5,0.699772497734611
149,17,0.0,0,1,0.357,0.5,0.5,0.699772497734611
149,18,0.0,0,1,0.357,0.5,0.5,0.699772497734611
149,19,0.0,0,1,0.357,0.5,0.5,0.699772497734611
149,20,0.0,0,1,0.357,0.5,0.5,0.699772497734611
149,21,0.0,0,1,0.357,0.5,0.5,0.699772497734611
149,22,0.5435118127659742,1,0,0.357,0.5,0.5,0.699772497734611
149,23,0.19678806536345525,2,0,0.357,0.5,0.5,0.699772497734611
149,24,6.132793555826425,1,0,0.357,0.5,0.5,0.699772497734611
149,25,0.0,0,1,0.357,0.5,0.5,0.699772497734611
149,26,0.0,0,1,0.357,0.5,0.5,0.699772497734611
149,27,0.0,0,1,0.357,0.5,0.5,0.699772497734611
149,28,0.0,0,1,0.357,0.5,0.5,0.699772497734611
149,29,0.0,0,1,0.357,0.5,0.5,0.699772497734611
149,30,0.0,0,1,0.357,0.5,0.5,0.699772497734611
149,31,0.0,0,1,0.357,0.5,0.5,0.699772497734611
149,32,5.731330612825424,1,0,0.357,0.5,0.5,0.699772497734611
149,33,0.0,0,1,0.357,0.5,0.5,0.699772497734611
149,34,0.0,0,1,0.357,0.5,0.5,0.699772497734611
149,35,0.0,0,1,0.357,0.5,0.5,0.699772497734611
149,36,0.0,0,1,0.357,0.5,0.5,0.699772497734611
149,37,0.0,0,1,0.357,0.5,0.5,0.699772497734611
149,38,0.3017186335110405,1,0,0.357,0.5,0.5,0.699772497734611
149,39,0.0,0,1,0.357,0.5,0.5,0.699772497734611
149,40,0.0,0,1,0.357,0.5,0.5,0.699772497734611
149,41,0.0,0,1,0.357,0.5,0.5,0.699772497734611
149,42,0.0,0,1,0.357,0.5,0.5,0.699772497734611
149,43,0.0,0,1,0.357,0.5,0.5,0.699772497734611
149,44,0.3458276209766405,1,0,0.357,0.5,0.5,0.699772497734611
149,45,0.0,0,1,0.357,0.5,0.5,0.699772497734611
149,46,0.4380817713419289,1,0,0.357,0.5,0.5,0.699772497734611
149,47,0.0,0,1,0.357,0.5,0.5,0.699772497734611
149,48,0.0,0,1,0.357,0.5,0.5,0.699772497734611
149,49,0.0,0,1,0.357,0.5,0.5,0.699772497734611
150,0,0.0,0,1,0.357,0.5,0.5,0.699772497734611
150,1,0.0,0,1,0.357,0.5,0.5,0.699772497734611
150,2,0.44214438931293154,1,0,0.357,0.5,0.5,0.699772497734611
150,3,0.6313583037091948,1,0,0.357,0.5,0.5,0.699772497734611
150,4,0.0,0,1,0.357,0.5,0.5,0.699772497734611
150,5,0.0,0,1,0.357,0.5,0.5,0.699772497734611
150,6,0.0,0,1,0.357,0.5,0.5,0.699772497734611
150,7,0.0,0,1,0.357,0.5,0.5,0.699772497734611
150,8,0.0,0,1,0.357,0.5,0.5,0.699772497734611
150,9,2.784671310785231,1,0,0.357,0.5,0.5,0.699772497734611
150,10,0.0,0,1,0.357,0.5,0.5,0.699772497734611
150,11,1.3859083081211128,1,0,0.357,0.5,0.5,0.699772497734611
150,12,0.0,0,1,0.357,0.5,0.5,0.699772497734611
150,13,0.0,0,1,0.357,0.5,0.5,0.699772497734611
150,14,0.0,0,1,0.357,0.5,0.5,0.699772497734611
150,15,0.0,0,1,0.357,0.5,0.5,0.699772497734611
150,16,0.014616662595502802,1,0,0.357,0.5,0.5,0.699772497734611
150,17,0.7910082643390406,2,0,0.357,0.5,0.5,0.699772497734611
150,18,0.0,0,1,0.357,0.5,0.5,0.699772497734611
150,19,0.0,0,1,0.357,0.5,0.5,0.699772497734611
150,20,0.0,0,1,0.357,0.5,0.5,0.699772497734611
150,21,0.0,0,1,0.357,0.5,0.5,0.699772497734611
150,22,0.0,0,1,0.357,0.5,0.5,0.699772497734611
150,23,0.43747774469748835,1,0,0.357,0.5,0.5,0.699772497734611
150,24,0.0,0,1,0.357,0.5,0.5,0.699772497734611
150,25,0.0,0,1,0.357,0.5,0.5,0.699772497734611
150,26,0.0,0,1,0.357,0.5,0.5,0.699772497734611
150,27,0.20196658822570585,1,0,0.357,0.5,0.5,0.699772497734611
150,28,1.2591899528431822,1,0,0.357,0.5,0.5,0.699772497734611
150,29,0.0,0,1,0.357,0.5,0.5,0.699772497734611
150,30,0.0,0,1,0.357,0.5,0.5,0.699772497734611
150,31,0.0,0,1,0.357,0.5,0.5,0.699772497734611
150,32,0.0,0,1,0.357,0.5,0.5,0.699772497734611
150,33,0.0,0,1,0.357,0.5,0.5,0.699772497734611
150,34,0.041524625515296336,1,0,0.357,0.5,0.5,0.699772497734611
150,35,0.0,0,1,0.357,0.5,0.5,0.699772497734611
150,36,0.0,0,1,0.357,0.5,0.5,0.699772497734611
150,37,7.42769227462378,2,0,0.357,0.5,0.5,0.699772497734611
150,38,0.0,0,1,0.357,0.5,0.5,0.699772497734611
150,39,0.0,0,1,0.357,0.5,0.5,0.699772497734611
150,40,0.0,0,1,0.357,0.5,0.5,0.699772497734611
150,41,0.0,0,1,0.357,0.5,0.5,0.699772497734611
150,42,0.0,0,1,0.357,0.5,0.5,0.699772497734611
150,43,0.0,0,1,0.357,0.5,0.5,0.699772497734611
150,44,0.0,0,1,0.357,0.5,0.5,0.699772497734611
150,45,0.0,0,1,0.357,0.5,0.5,0.699772497734611
150,46,0.8285205147869872,1,0,0.357,0.5,0.5,0.699772497734611
150,47,0.0,0,1,0.357,0.5,0.5,0.699772497734611
150,48,2.32620210156247,1,0,0.357,0.5,0.5,0.699772497734611
150,49,0.0,0,1,0.357,0.5,0.5,0.699772497734611
151,0,1.0021529972895786,1,0,0.357,0.5,0.5,0.699772497734611
151,1,0.6323215013689842,2,0,0.357,0.5,0.5,0.699772497734611
151,2,0.0,0,1,0.357,0.5,0.5,0.699772497734611
151,3,0.0,0,1,0.357,0.5,0.5,0.699772497734611
151,4,0.0,0,1,0.357,0.5,0.5,0.699772497734611
151,5,0.0,0,1,0.357,0.5,0.5,0.699772497734611
151,6,0.0,0,1,0.357,0.5,0.5,0.699772497734611
151,7,0.0316790782347499,1,0,0.357,0.5,0.5,0.699772497734611
151,8,0.0,0,1,0.357,0.5,0.5,0.699772497734611
151,9,0.23964866305045074,1,0,0.357,0.5,0.5,0.699772497734611
151,10,0.9324538702431273,1,0,0.357,0.5,0.5,0.699772497734611
151,11,0.0,0,1,0.357,0.5,0.5,0.699772497734611
151,12,0.0,0,1,0.357,0.5,0.5,0.699772497734611
151,13,0.0,0,1,0.357,0.5,0.5,0.699772497734611
151,14,0.42545475643942127,1,0,0.357,0.5,0.5,0.699772497734611
151,15,6.098301835019227,1,0,0.357,0.5,0.5,0.699772497734611
151,16,0.0,0,1,0.357,0.5,0.5,0.699772497734611
151,17,0.0,0,1,0.357,0.5,0.5,0.699772497734611
151,18,1.0969944612051536,1,0,0.357,0.5,0.5,0.699772497734611
151,19,0.0,0,1,0.357,0.5,0.5,0.699772497734611
151,20,0.0,0,1,0.357,0.5,0.5,0.699772497734611
151,21,0.0,0,1,0.357,0.5,0.5,0.699772497734611
151,22,0.0025706592286672226,1,0,0.357,0.5,0.5,0.699772497734611
151,23,2.7321959347161564,1,0,0.357,0.5,0.5,0.699772497734611
151,24,0.0,0,1,0.357,0.5,0.5,0.699772497734611
151,25,0.0,0,1,0.357,0.5,0.5,0.699772497734611
151,26,0.0,0,1,0.357,0.5,0.5,0.699772497734611
151,27,0.0,0,1,0.357,0.5,0.5,0.699772497734611
151,28,0.07350739538915431,1,0,0.357,0.5,0.5,0.699772497734611
151,29,0.00011344893654570034,1,0,0.357,0.5,0.5,0.699772497734611
151,30,0.9691988989389705,1,0,0.357,0.5,0.5,0.699772497734611
151,31,0.0,0,1,0.357,0.5,0.5,0.699772497734611
151,32,0.0,0,1,0.357,0.5,0.5,0.699772497734611
151,33,0.0,0,1,0.357,0.5,0.5,0.699772497734611
151,34,0.0,0,1,0.357,0.5,0.5,0.699772497734611
151,35,0.0,0,1,0.357,0.5,0.5,0.699772497734611
151,36,0.0,0,1,0.357,0.5,0.5,0.699772497734611
151,37,0.0,0,1,0.357,0.5,0.5,0.699772497734611
151,38,0.0,0,1,0.357,0.5,0.5,0.699772497734611
151,39,0.0,0,1,0.357,0.5,0.5,0.699772497734611
151,40,1.903654889809547,1,0,0.357,0.5,0.5,0.699772497734611
151,41,0.030315351557626487,1,0,0.357,0.5,0.5,0.699772497734611
151,42,0.0,0,1,0.357,0.5,0.5,0.699772497734611
151,43,0.0,0,1,0.357,0.5,0.5,0.699772497734611
151,44,0.0,0,1,0.357,0.5,0.5,0.699772497734611
151,45,0.0,0,1,0.357,0.5,0.5,0.699772497734611
151,46,0.0,0,1,0.357,0.5,0.5,0.699772497734611
151,47,0.0,0,1,0.357,0.5,0.5,0.699772497734611
151,48,0.0,0,1,0.357,0.5,0.5,0.699772497734611
151,49,0.0,0,1,0.357,0.5,0.5,0.699772497734611
152,0,0.0,0,1,0.357,0.5,0.5,0.699772497734611
152,1,0.0,0,1,0.357,0.5,0.5,0.699772497734611
152,2,0.002672786244702763,1,0,0.357,0.5,0.5,0.699772497734611
152,3,0.0,0,1,0.357,0.5,0.5,0.699772497734611
152,4,0.0,0,1,0.357,0.5,0.5,0.699772497734611
152,5,0.0,0,1,0.357,0.5,0.5,0.699772497734611
152,6,2.514492057895706,1,0,0.357,0.5,0.5,0.699772497734611
152,7,0.0,0,1,0.357,0.5,0.5,0.699772497734611
152,8,0.0,0,1,0.357,0.5,0.5,0.699772497734611
152,9,0.0,0,1,0.357,0.5,0.5,0.699772497734611
152,10,0.0,0,1,0.357,0.5,0.5,0.699772497734611
152,11,0.0,0,1,0.357,0.5,0.5,0.699772497734611
152,12,0.0,0,1,0.357,0.5,0.5,0.699772497734611
152,13,0.0,0,1,0.357,0.5,0.5,0.699772497734611
152,14,0.0,0,1,0.357,0.5,0.5,0.699772497734611
152,15,0.0,0,1,0.357,0.5,0.5,0.699772497734611
152,16,1.5854651390654937,1,0,0.357,0.5,0.5,0.699772497734611
152,17,0.0,0,1,0.357,0.5,0.5,0.699772497734611
152,18,0.0,0,1,0.357,0.5,0.5,0.699772497734611
152,19,0.0,0,1,0.357,0.5,0.5,0.699772497734611
152,20,0.0,0,1,0.357,0.5,0.5,0.699772497734611
152,21,0.0,0,1,0.357,0.5,0.5,0.699772497734611
152,22,0.0,0,1,0.357,0.5,0.5,0.699772497734611
152,23,5.5494856065191165,3,0,0.357,0.5,0.5,0.699772497734611
152,24,0.0,0,1,0.357,0.5,0.5,0.699772497734611
152,25,0.0,0,1,0.357,0.5,0.5,0.699772497734611
152,26,0.0,0,1,0.357,0.5,0.5,0.699772497734611
152,27,1.4816845509316217,1,0,0.357,0.5,0.5,0.699772497734611
152,28,0.0,0,1,0.357,0.5,0.5,0.699772497734611
152,29,0.0,0,1,0.357,0.5,0.5,0.699772497734611
152,30,0.0,0,1,0.357,0.5,0.5,0.699772497734611
152,31,0.0,0,1,0.357,0.5,0.5,0.699772497734611
152,32,0.0,0,1,0.357,0.5,0.5,0.699772497734611
152,33,0.0,0,1,0.357,0.5,0.5,0.699772497734611
152,34,0.12247056109222292,1,0,0.357,0.5,0.5,0.699772497734611
152,35,0.0,0,1,0.357,0.5,0.5,0.699772497734611
152,36,0.30602988347677945,1,0,0.357,0.5,0.5,0.699772497734611
152,37,2.4048732239836874,1,0,0.357,0.5,0.5,0.699772497734611
152,38,0.0,0,1,0.357,0.5,0.5,0.699772497734611
152,39,2.407902299752094,2,0,0.357,0.5,0.5,0.699772497734611
152,40,0.36547367444293327,1,0,0.357,0.5,0.5,0.699772497734611
152,41,0.0,0,1,0.357,0.5,0.5,0.699772497734611
152,42,0.0,0,1,0.357,0.5,0.5,0.699772497734611
152,43,0.0,0,1,0.357,0.5,0.5,0.699772497734611
152,44,0.0,0,1,0.357,0.5,0.5,0.699772497734611
152,45,0.0,0,1,0.357,0.5,0.5,0.699772497734611
152,46,6.03181470922699,2,0,0.357,0.5,0.5,0.699772497734611
152,47,0.0,0,1,0.357,0.5,0.5,0.699772497734611
152,48,0.08104823314946984,1,0,0.357,0.5,0.5,0.699772497734611
152,49,0.0,0,1,0.357,0.5,0.5,0.699772497734611
153,0,0.0,0,1,0.357,0.5,0.5,0.699772497734611
153,1,0.0,0,1,0.357,0.5,0.5,0.699772497734611
153,2,0.0,0,1,0.357,0.5,0.5,0.699772497734611
153,3,0.0,0,1,0.357,0.5,0.5,0.699772497734611
153,4,0.0,0,1,0.357,0.5,0.5,0.699772497734611
153,5,5.685325668262121,1,0,0.357,0.5,0.5,0.699772497734611
153,6,0.0,0,1,0.357,0.5,0.5,0.699772497734611
153,7,0.0,0,1,0.357,0.5,0.5,0.699772497734611
153,8,0.0,0,1,0.357,0.5,0.5,0.699772497734611
153,9,0.0,0,1,0.357,0.5,0.5,0.699772497734611
153,10,0.0,0,1,0.357,0.5,0.5,0.699772497734611
153,11,0.0,0,1,0.357,0.5,0.5,0.699772497734611
153,12,0.0,0,1,0.357,0.5,0.5,0.699772497734611
153,13,4.374668536080448,2,0,0.357,0.5,0.5,0.699772497734611
153,14,0.0,0,1,0.357,0.5,0.5,0.699772497734611
153,15,0.0,0,1,0.357,0.5,0.5,0.699772497734611
153,16,0.0,0,1,0.357,0.5,0.5,0.699772497734611
153,17,0.0,0,1,0.357,0.5,0.5,0.699772497734611
153,18,2.2131826474530154,1,0,0.357,0.5,0.5,0.699772497734611
153,19,0.0,0,1,0.357,0.5,0.5,0.699772497734611
153,20,0.0,0,1,0.357,0.5,0.5,0.699772497734611
153,21,0.2386600112013755,1,0,0.357,0.5,0.5,0.699772497734611
153,22,0.18614824634308053,1,0,0.357,0.5,0.5,0.699772497734611
153,23,0.0,0,1,0.357,0.5,0.5,0.699772497734611
153,24,0.0,0,1,0.357,0.5,0.5,0.699772497734611
153,25,0.0,0,1,0.357,0.5,0.5,0.699772497734611
153,26,0.0,0,1,0.357,0.5,0.5,0.699772497734611
153,27,0.00018400042465299723,1,0,0.357,0.5,0.5,0.699772497734611
153,28,0.0,0,1,0.357,0.5,0.5,0.699772497734611
153,29,0.6458129341934437,1,0,0.357,0.5,0.5,0.699772497734611
153,30,0.0,0,1,0.357,0.5,0.5,0.699772497734611
153,31,0.0,0,1,0.357,0.5,0.5,0.699772497734611
153,32,0.0,0,1,0.357,0.5,0.5,0.699772497734611
153,33,0.0,0,1,0.357,0.5,0.5,0.699772497734611
153,34,0.0,0,1,0.357,0.5,0.5,0.699772497734611
153,35,2.128492226688952,1,0,0.357,0.5,0.5,0.699772497734611
153,36,0.0,0,1,0.357,0.5,0.5,0.699772497734611
153,37,0.011758728891784689,1,0,0.357,0.5,0.5,0.699772497734611
153,38,0.0,0,1,0.357,0.5,0.5,0.699772497734611
153,39,0.0017877652093788272,1,0,0.357,0.5,0.5,0.699772497734611
153,40,0.17655982272109597,1,0,0.357,0.5,0.5,0.699772497734611
153,41,0.2093147872979743,2,0,0.357,0.5,0.5,0.699772497734611
153,42,0.0,0,1,0.357,0.5,0.5,0.699772497734611
153,43,2.7050809396906805,1,0,0.357,0.5,0.5,0.699772497734611
153,44,2.480718752540442,3,0,0.357,0.5,0.5,0.699772497734611
153,45,1.9051326112814397,1,0,0.357,0.5,0.5,0.699772497734611
153,46,0.0,0,1,0.357,0.5,0.5,0.699772497734611
153,47,0.0,0,1,0.357,0.5,0.5,0.699772497734611
153,48,0.0,0,1,0.357,0.5,0.5,0.699772497734611
153,49,0.7707149460680468,1,0,0.357,0.5,0.5,0.699772497734611
154,0,1.0683688165246996,1,0,0.357,0.5,0.5,0.699772497734611
154,1,0.20514297513186708,1,0,0.357,0.5,0.5,0.699772497734611
154,2,0.7220462159246466,1,0,0.357,0.5,0.5,0.699772497734611
154,3,0.0,0,1,0.357,0.5,0.5,0.699772497734611
154,4,0.7267707498504077,2,0,0.357,0.5,0.5,0.699772497734611
154,5,0.06815189171803666,1,0,0.357,0.5,0.5,0.699772497734611
154,6,1.979381555156668,1,0,0.357,0.5,0.5,0.699772497734611
154,7,0.3783443114989031,2,0,0.357,0.5,0.5,0.699772497734611
154,8,0.0,0,1,0.357,0.5,0.5,0.699772497734611
154,9,0.0,0,1,0.357,0.5,0.5,0.699772497734611
154,10,0.0,0,1,0.357,0.5,0.5,0.699772497734611
154,11,0.0,0,1,0.357,0.5,0.5,0.699772497734611
154,12,0.0,0,1,0.357,0.5,0.5,0.699772497734611
154,13,0.0,0,1,0.357,0.5,0.5,0.699772497734611
154,14,0.0,0,1,0.357,0.5,0.5,0.699772497734611
154,15,0.0,0,1,0.357,0.5,0.5,0.699772497734611
154,16,0.0,0,1,0.357,0.5,0.5,0.699772497734611
154,17,0.0,0,1,0.357,0.5,0.5,0.699772497734611
154,18,0.7185730139120372,1,0,0.357,0.5,0.5,0.699772497734611
154,19,0.0,0,1,0.357,0.5,0.5,0.699772497734611
154,20,0.0,0,1,0.357,0.5,0.5,0.699772497734611
154,21,0.5018973691774717,1,0,0.357,0.5,0.5,0.699772497734611
154,22,0.0,0,1,0.357,0.5,0.5,0.699772497734611
154,23,2.8236698731754686,2,0,0.357,0.5,0.5,0.699772497734611
154,24,0.0,0,1,0.357,0.5,0.5,0.699772497734611
154,25,0.82101320572079,1,0,0.357,0.5,0.5,0.699772497734611
154,26,0.0,0,1,0.357,0.5,0.5,0.699772497734611
154,27,0.0,0,1,0.357,0.5,0.5,0.699772497734611
154,28,0.0,0,1,0.357,0.5,0.5,0.699772497734611
154,29,3.9296304575688255,1,0,0.357,0.5,0.5,0.699772497734611
154,30,2.737613264644518,1,0,0.357,0.5,0.5,0.699772497734611
154,31,0.1339218921229847,2,0,0.357,0.5,0.5,0.699772497734611
154,32,0.0,0,1,0.357,0.5,0.5,0.699772497734611
154,33,0.2663574754592087,1,0,0.357,0.5,0.5,0.699772497734611
154,34,0.0,0,1,0.357,0.5,0.5,0.699772497734611
154,35,0.0,0,1,0.357,0.5,0.5,0.699772497734611
154,36,0.0,0,1,0.357,0.5,0.5,0.699772497734611
154,37,0.007806741021100175,1,0,0.357,0.5,0.5,0.699772497734611
154,38,0.430843605976173,1,0,0.357,0.5,0.5,0.699772497734611
154,39,0.0,0,1,0.357,0.5,0.5,0.699772497734611
154,40,4.40525300983561,1,0,0.357,0.5,0.5,0.699772497734611
154,41,0.0,0,1,0.357,0.5,0.5,0.699772497734611
154,42,2.1796291625486965,1,0,0.357,0.5,0.5,0.699772497734611
154,43,0.0,0,1,0.357,0.5,0.5,0.699772497734611
154,44,0.08680980693353665,1,0,0.357,0.5,0.5,0.699772497734611
154,45,0.0,0,1,0.357,0.5,0.5,0.699772497734611
154,46,0.0,0,1,0.357,0.5,0.5,0.699772497734611
154,47,0.0,0,1,0.357,0.5,0.5,0.699772497734611
154,48,0.0,0,1,0.357,0.5,0.5,0.699772497734611
154,49,0.0,0,1,0.357,0.5,0.5,0.699772497734611
155,0,2.0587922532462692,1,0,0.357,0.5,0.5,0.699772497734611
155,1,0.0,0,1,0.357,0.5,0.5,0.699772497734611
155,2,0.8961121363438624,1,0,0.357,0.5,0.5,0.699772497734611
155,3,0.5468269294243765,1,0,0.357,0.5,0.5,0.699772497734611
155,4,0.0,0,1,0.357,0.5,0.5,0.699772497734611
155,5,0.0,0,1,0.357,0.5,0.5,0.699772497734611
155,6,0.0,0,1,0.357,0.5,0.5,0.699772497734611
155,7,0.0,0,1,0.357,0.5,0.5,0.699772497734611
155,8,0.001318235218318553,1,0,0.357,0.5,0.5,0.699772497734611
155,9,0.0,0,1,0.357,0.5,0.5,0.699772497734611
155,10,0.04330603211680321,1,0,0.357,0.5,0.5,0.699772497734611
155,11,1.2485622164289922,1,0,0.357,0.5,0.5,0.699772497734611
155,12,0.0,0,1,0.357,0.5,0.5,0.699772497734611
155,13,0.0,0,1,0.357,0.5,0.5,0.699772497734611
155,14,0.7075454221276617,1,0,0.357,0.5,0.5,0.699772497734611
155,15,0.0,0,1,0.357,0.5,0.5,0.699772497734611
155,16,0.03862424266729497,1,0,0.357,0.5,0.5,0.699772497734611
155,17,2.1955209667375635,1,0,0.357,0.5,0.5,0.699772497734611
155,18,0.0,0,1,0.357,0.5,0.5,0.699772497734611
155,19,0.0,0,1,0.357,0.5,0.5,0.699772497734611
155,20,0.0,0,1,0.357,0.5,0.5,0.699772497734611
155,21,0.0,0,1,0.357,0.5,0.5,0.699772497734611
155,22,0.0,0,1,0.357,0.5,0.5,0.699772497734611
155,23,0.0,0,1,0.357,0.5,0.5,0.699772497734611
155,24,2.923232465044699,2,0,0.357,0.5,0.5,0.699772497734611
155,25,0.028701070278173445,1,0,0.357,0.5,0.5,0.699772497734611
155,26,0.0,0,1,0.357,0.5,0.5,0.699772497734611
155,27,0.0,0,1,0.357,0.5,0.5,0.699772497734611
155,28,0.0,0,1,0.357,0.5,0.5,0.699772497734611
155,29,0.010536137751387153,1,0,0.357,0.5,0.5,0.699772497734611
155,30,0.0,0,1,0.357,0.5,0.5,0.699772497734611
155,31,2.3388115707383106,1,0,0.357,0.5,0.5,0.699772497734611
155,32,0.0,0,1,0.357,0.5,0.5,0.699772497734611
155,33,0.0,0,1,0.357,0.5,0.5,0.699772497734611
155,34,0.14432563019293362,1,0,0.357,0.5,0.5,0.699772497734611
155,35,0.0,0,1,0.357,0.5,0.5,0.699772497734611
155,36,0.0,0,1,0.357,0.5,0.5,0.699772497734611
155,37,3.2905828310248535,2,0,0.357,0.5,0.5,0.699772497734611
155,38,0.004864655657758756,1,0,0.357,0.5,0.5,0.699772497734611
155,39,0.003469079708717216,1,0,0.357,0.5,0.5,0.699772497734611
155,40,0.0,0,1,0.357,0.5,0.5,0.699772497734611
155,41,0.0,0,1,0.357,0.5,0.5,0.699772497734611
155,42,0.24447491766576704,1,0,0.357,0.5,0.5,0.699772497734611
155,43,0.0,0,1,0.357,0.5,0.5,0.699772497734611
155,44,0.0,0,1,0.357,0.5,0.5,0.699772497734611
155,45,3.947739875587769,2,0,0.357,0.5,0.5,0.699772497734611
155,46,0.0,0,1,0.357,0.5,0.5,0.699772497734611
155,47,0.0,0,1,0.357,0.5,0.5,0.699772497734611
155,48,0.0,0,1,0.357,0.5,0.5,0.699772497734611
155,49,0.0,0,1,0.357,0.5,0.5,0.699772497734611
156,0,0.0,0,1,0.357,0.5,0.5,0.699772497734611
156,1,0.0,0,1,0.357,0.5,0.5,0.699772497734611
156,2,0.0,0,1,0.357,0.5,0.5,0.699772497734611
156,3,0.0,0,1,0.357,0.5,0.5,0.699772497734611
156,4,0.0,0,1,0.357,0.5,0.5,0.699772497734611
156,5,0.0,0,1,0.357,0.5,0.5,0.699772497734611
156,6,0.36140103486184755,1,0,0.357,0.5,0.5,0.699772497734611
156,7,0.0,0,1,0.357,0.5,0.5,0.699772497734611
156,8,0.0,0,1,0.357,0.5,0.5,0.699772497734611
156,9,0.0,0,1,0.357,0.5,0.5,0.699772497734611
156,10,0.0011439878892703247,1,0,0.357,0.5,0.5,0.699772497734611
156,11,0.0,0,1,0.357,0.5,0.5,0.699772497734611
156,12,0.004800823145058006,1,0,0.357,0.5,0.5,0.699772497734611
156,13,0.0,0,1,0.357,0.5,0.5,0.699772497734611
156,14,0.0,0,1,0.357,0.5,0.5,0.699772497734611
156,15,0.0,0,1,0.357,0.5,0.5,0.699772497734611
156,16,0.0,0,1,0.357,0.5,0.5,0.699772497734611
156,17,0.0,0,1,0.357,0.5,0.5,0.699772497734611
156,18,0.0,0,1,0.357,0.5,0.5,0.699772497734611
156,19,0.0,0,1,0.357,0.5,0.5,0.699772497734611
156,20,0.03711832566317516,1,0,0.357,0.5,0.5,0.699772497734611
156,21,0.0,0,1,0.357,0.5,0.5,0.699772497734611
156,22,0.0,0,1,0.357,0.5,0.5,0.699772497734611
156,23,7.27679631441701,2,0,0.357,0.5,0.5,0.699772497734611
156,24,1.217915260203182,1,0,0.357,0.5,0.5,0.699772497734611
156,25,1.0015487267798449,1,0,0.357,0.5,0.5,0.699772497734611
156,26,0.0,0,1,0.357,0.5,0.5,0.699772497734611
156,27,0.6063981633468767,1,0,0.357,0.5,0.5,0.699772497734611
156,28,3.0440956031253372,1,0,0.357,0.5,0.5,0.699772497734611
156,29,0.0,0,1,0.357,0.5,0.5,0.699772497734611
156,30,0.0,0,1,0.357,0.5,0.5,0.699772497734611
156,31,10.39842796193036,2,0,0.357,0.5,0.5,0.699772497734611
156,32,0.8178903614835441,1,0,0.357,0.5,0.5,0.699772497734611
156,33,0.0,0,1,0.357,0.5,0.5,0.699772497734611
156,34,0.5019437552137945,1,0,0.357,0.5,0.5,0.699772497734611
156,35,0.0,0,1,0.357,0.5,0.5,0.699772497734611
156,36,0.0,0,1,0.357,0.5,0.5,0.699772497734611
156,37,0.0,0,1,0.357,0.5,0.5,0.699772497734611
156,38,0.5654027217971002,1,0,0.357,0.5,0.5,0.699772497734611
156,39,1.5436445499219116,1,0,0.357,0.5,0.5,0.699772497734611
156,40,0.0,0,1,0.357,0.5,0.5,0.699772497734611
156,41,0.0,0,1,0.357,0.5,0.5,0.699772497734611
156,42,0.0,0,1,0.357,0.5,0.5,0.699772497734611
156,43,0.0,0,1,0.357,0.5,0.5,0.699772497734611
156,44,0.024122424391558917,1,0,0.357,0.5,0.5,0.699772497734611
156,45,0.0,0,1,0.357,0.5,0.5,0.699772497734611
156,46,0.0,0,1,0.357,0.5,0.5,0.699772497734611
156,47,0.0,0,1,0.357,0.5,0.5,0.699772497734611
156,48,0.0,0,1,0.357,0.5,0.5,0.699772497734611
156,49,0.0,0,1,0.357,0.5,0.5,0.699772497734611
157,0,4.8263240594453185,1,0,0.357,0.5,0.5,0.699772497734611
157,1,0.0,0,1,0.357,0.5,0.5,0.699772497734611
157,2,0.2972718874909397,1,0,0.357,0.5,0.5,0.699772497734611
157,3,0.6179014186266222,1,0,0.357,0.5,0.5,0.699772497734611
157,4,0.7869756793599241,1,0,0.357,0.5,0.5,0.699772497734611
157,5,0.029868858793906987,1,0,0.357,0.5,0.5,0.699772497734611
157,6,1.7788690231027597,1,0,0.357,0.5,0.5,0.699772497734611
157,7,2.1283517084389185,2,0,0.357,0.5,0.5,0.699772497734611
157,8,0.0,0,1,0.357,0.5,0.5,0.699772497734611
157,9,2.324703777860026,2,0,0.357,0.5,0.5,0.699772497734611
157,10,0.0,0,1,0.357,0.5,0.5,0.699772497734611
157,11,0.0,0,1,0.357,0.5,0.5,0.699772497734611
157,12,0.0,0,1,0.357,0.5,0.5,0.699772497734611
157,13,1.0533278274207993,1,0,0.357,0.5,0.5,0.699772497734611
157,14,0.0,0,1,0.357,0.5,0.5,0.699772497734611
157,15,0.0,0,1,0.357,0.5,0.5,0.699772497734611
157,16,1.2273167635360696,1,0,0.357,0.5,0.5,0.699772497734611
157,17,1.1920916822423342,1,0,0.357,0.5,0.5,0.699772497734611
157,18,0.13284303822906282,1,0,0.357,0.5,0.5,0.699772497734611
157,19,0.0,0,1,0.357,0.5,0.5,0.699772497734611
157,20,0.004475894289231832,1,0,0.357,0.5,0.5,0.699772497734611
157,21,0.0,0,1,0.357,0.5,0.5,0.699772497734611
157,22,0.0,0,1,0.357,0.5,0.5,0.699772497734611
157,23,0.0,0,1,0.357,0.5,0.5,0.699772497734611
157,24,0.03113377274656148,1,0,0.357,0.5,0.5,0.699772497734611
157,25,1.7090650303207204,1,0,0.357,0.5,0.5,0.699772497734611
157,26,0.0,0,1,0.357,0.5,0.5,0.699772497734611
157,27,0.0,0,1,0.357,0.5,0.5,0.699772497734611
157,28,0.2838028023354111,2,0,0.357,0.5,0.5,0.699772497734611
157,29,5.941001179184209,2,0,0.357,0.5,0.5,0.699772497734611
157,30,0.0,0,1,0.357,0.5,0.5,0.699772497734611
157,31,0.0,0,1,0.357,0.5,0.5,0.699772497734611
157,32,1.1203657119077521,2,0,0.357,0.5,0.5,0.699772497734611
157,33,0.0,0,1,0.357,0.5,0.5,0.699772497734611
157,34,0.0,0,1,0.357,0.5,0.5,0.699772497734611
157,35,1.3982747522747476,2,0,0.357,0.5,0.5,0.699772497734611
157,36,1.3600033611364573,1,0,0.357,0.5,0.5,0.699772497734611
157,37,0.0,0,1,0.357,0.5,0.5,0.699772497734611
157,38,0.0,0,1,0.357,0.5,0.5,0.699772497734611
157,39,0.0,0,1,0.357,0.5,0.5,0.699772497734611
157,40,0.029473526950800792,1,0,0.357,0.5,0.5,0.699772497734611
157,41,0.0,0,1,0.357,0.5,0.5,0.699772497734611
157,42,0.08450490201684469,1,0,0.357,0.5,0.5,0.699772497734611
157,43,0.0,0,1,0.357,0.5,0.5,0.699772497734611
157,44,0.0,0,1,0.357,0.5,0.5,0.699772497734611
157,45,3.7078528494008873,2,0,0.357,0.5,0.5,0.699772497734611
157,46,0.0,0,1,0.357,0.5,0.5,0.699772497734611
157,47,0.8821713854013186,1,0,0.357,0.5,0.5,0.699772497734611
157,48,0.0,0,1,0.357,0.5,0.5,0.699772497734611
157,49,0.0,0,1,0.357,0.5,0.5,0.699772497734611
158,0,0.0,0,1,0.357,0.5,0.5,0.699772497734611
158,1,0.0,0,1,0.357,0.5,0.5,0.699772497734611
158,2,0.11850729977091654,1,0,0.357,0.5,0.5,0.699772497734611
158,3,0.0,0,1,0.357,0.5,0.5,0.699772497734611
158,4,0.0,0,1,0.357,0.5,0.5,0.699772497734611
158,5,0.0,0,1,0.357,0.5,0.5,0.699772497734611
158,6,0.1461903666536689,1,0,0.357,0.5,0.5,0.699772497734611
158,7,0.0,0,1,0.357,0.5,0.5,0.699772497734611
158,8,0.0,0,1,0.357,0.5,0.5,0.699772497734611
158,9,0.0,0,1,0.357,0.5,0.5,0.699772497734611
158,10,1.8784449384166775,1,0,0.357,0.5,0.5,0.699772497734611
158,11,0.048701092081305776,1,0,0.357,0.5,0.5,0.699772497734611
158,12,0.0,0,1,0.357,0.5,0.5,0.699772497734611
158,13,0.0,0,1,0.357,0.5,0.5,0.699772497734611
158,14,0.0,0,1,0.357,0.5,0.5,0.699772497734611
158,15,0.0,0,1,0.357,0.5,0.5,0.699772497734611
158,16,0.0,0,1,0.357,0.5,0.5,0.699772497734611
158,17,0.0,0,1,0.357,0.5,0.5,0.699772497734611
158,18,0.0,0,1,0.357,0.5,0.5,0.699772497734611
158,19,0.0,0,1,0.357,0.5,0.5,0.699772497734611
158,20,0.0,0,1,0.357,0.5,0.5,0.699772497734611
158,21,0.0,0,1,0.357,0.5,0.5,0.699772497734611
158,22,4.618329710528896,1,0,0.357,0.5,0.5,0.699772497734611
158,23,0.0,0,1,0.357,0.5,0.5,0.699772497734611
158,24,0.0,0,1,0.357,0.5,0.5,0.699772497734611
158,25,0.0,0,1,0.357,0.5,0.5,0.699772497734611
158,26,1.8415632806931195,1,0,0.357,0.5,0.5,0.699772497734611
158,27,0.0,0,1,0.357,0.5,0.5,0.699772497734611
158,28,0.0757026146395585,1,0,0.357,0.5,0.5,0.699772497734611
158,29,0.2579090542184592,1,0,0.357,0.5,0.5,0.699772497734611
158,30,0.0,0,1,0.357,0.5,0.5,0.699772497734611
158,31,0.0,0,1,0.357,0.5,0.5,0.699772497734611
158,32,2.8525206512312318,1,0,0.357,0.5,0.5,0.699772497734611
158,33,0.0,0,1,0.357,0.5,0.5,0.699772497734611
158,34,0.0,0,1,0.357,0.5,0.5,0.699772497734611
158,35,0.9833380633547187,1,0,0.357,0.5,0.5,0.699772497734611
158,36,0.0,0,1,0.357,0.5,0.5,0.699772497734611
158,37,0.0,0,1,0.357,0.5,0.5,0.699772497734611
158,38,0.0,0,1,0.357,0.5,0.5,0.699772497734611
158,39,0.0,0,1,0.357,0.5,0.5,0.699772497734611
158,40,0.0,0,1,0.357,0.5,0.5,0.699772497734611
158,41,0.04571744862501126,1,0,0.357,0.5,0.5,0.699772497734611
158,42,0.0,0,1,0.357,0.5,0.5,0.699772497734611
158,43,0.18777965333031926,1,0,0.357,0.5,0.5,0.699772497734611
158,44,0.12701485766606954,1,0,0.357,0.5,0.5,0.699772497734611
158,45,0.0,0,1,0.357,0.5,0.5,0.699772497734611
158,46,0.0,0,1,0.357,0.5,0.5,0.699772497734611
158,47,0.0,0,1,0.357,0.5,0.5,0.699772497734611
158,48,0.0,0,1,0.357,0.5,0.5,0.699772497734611
158,49,0.47828055486303284,1,0,0.357,0.5,0.5,0.699772497734611
159,0,0.0,0,1,0.357,0.5,0.5,0.699772497734611
159,1,0.0,0,1,0.357,0.5,0.5,0.699772497734611
159,2,2.3420912105416525,1,0,0.357,0.5,0.5,0.699772497734611
159,3,0.0,0,1,0.357,0.5,0.5,0.699772497734611
159,4,0.0,0,1,0.357,0.5,0.5,0.699772497734611
159,5,0.0,0,1,0.357,0.5,0.5,0.699772497734611
159,6,0.0,0,1,0.357,0.5,0.5,0.699772497734611
159,7,0.0,0,1,0.357,0.5,0.5,0.699772497734611
159,8,0.0,0,1,0.357,0.5,0.5,0.699772497734611
159,9,1.74947409862928,1,0,0.357,0.5,0.5,0.699772497734611
159,10,0.0,0,1,0.357,0.5,0.5,0.699772497734611
159,11,0.0,0,1,0.357,0.5,0.5,0.699772497734611
159,12,0.0,0,1,0.357,0.5,0.5,0.699772497734611
159,13,4.396238172849574,1,0,0.357,0.5,0.5,0.699772497734611
159,14,0.0,0,1,0.357,0.5,0.5,0.699772497734611
159,15,0.0,0,1,0.357,0.5,0.5,0.699772497734611
159,16,0.0,0,1,0.357,0.5,0.5,0.699772497734611
159,17,0.0,0,1,0.357,0.5,0.5,0.699772497734611
159,18,0.10720946060077831,1,0,0.357,0.5,0.5,0.699772497734611
159,19,0.0,0,1,0.357,0.5,0.5,0.699772497734611
159,20,0.0,0,1,0.357,0.5,0.5,0.699772497734611
159,21,0.0,0,1,0.357,0.5,0.5,0.699772497734611
159,22,0.14408328563036576,1,0,0.357,0.5,0.5,0.699772497734611
159,23,1.3403892392453487,1,0,0.357,0.5,0.5,0.699772497734611
159,24,0.0,0,1,0.357,0.5,0.5,0.699772497734611
159,25,0.0,0,1,0.357,0.5,0.5,0.699772497734611
159,26,0.0,0,1,0.357,0.5,0.5,0.699772497734611
159,27,0.0,0,1,0.357,0.5,0.5,0.699772497734611
159,28,0.0,0,1,0.357,0.5,0.5,0.699772497734611
159,29,0.3177560721654671,1,0,0.357,0.5,0.5,0.699772497734611
159,30,0.4934038227533578,1,0,0.357,0.5,0.5,0.699772497734611
159,31,0.3633831974223431,2,0,0.357,0.5,0.5,0.699772497734611
159,32,2.6183409138269598,1,0,0.357,0.5,0.5,0.699772497734611
159,33,0.0,0,1,0.357,0.5,0.5,0.699772497734611
159,34,0.0,0,1,0.357,0.5,0.5,0.699772497734611
159,35,0.0,0,1,0.357,0.5,0.5,0.699772497734611
159,36,0.0,0,1,0.357,0.5,0.5,0.699772497734611
159,37,0.1070729104345903,1,0,0.357,0.5,0.5,0.699772497734611
159,38,0.0,0,1,0.357,0.5,0.5,0.699772497734611
159,39,0.0,0,1,0.357,0.5,0.5,0.699772497734611
159,40,0.0,0,1,0.357,0.5,0.5,0.699772497734611
159,41,0.27876684565179866,3,0,0.357,0.5,0.5,0.699772497734611
159,42,0.14004455777710703,1,0,0.357,0.5,0.5,0.699772497734611
159,43,0.5484317096708944,1,0,0.357,0.5,0.5,0.699772497734611
159,44,0.0,0,1,0.357,0.5,0.5,0.699772497734611
159,45,0.33872972403658874,1,0,0.357,0.5,0.5,0.699772497734611
159,46,0.0,0,1,0.357,0.5,0.5,0.699772497734611
159,47,0.0,0,1,0.357,0.5,0.5,0.699772497734611
159,48,0.0,0,1,0.357,0.5,0.5,0.699772497734611
159,49,0.0,0,1,0.357,0.5,0.5,0.699772497734611
160,0,0.0,0,1,0.357,0.5,0.5,0.699772497734611
160,1,0.0,0,1,0.357,0.5,0.5,0.699772497734611
160,2,0.0,0,1,0.357,0.5,0.5,0.699772497734611
160,3,0.0,0,1,0.357,0.5,0.5,0.699772497734611
160,4,0.0,0,1,0.357,0.5,0.5,0.699772497734611
160,5,0.0,0,1,0.357,0.5,0.5,0.699772497734611
160,6,0.0,0,1,0.357,0.5,0.5,0.699772497734611
160,7,0.0,0,1,0.357,0.5,0.5,0.699772497734611
160,8,0.0,0,1,0.357,0.5,0.5,0.699772497734611
160,9,0.0,0,1,0.357,0.5,0.5,0.699772497734611
160,10,0.0,0,1,0.357,0.5,0.5,0.699772497734611
160,11,0.0,0,1,0.357,0.5,0.5,0.699772497734611
160,12,0.0,0,1,0.357,0.5,0.5,0.699772497734611
160,13,0.0,0,1,0.357,0.5,0.5,0.699772497734611
160,14,0.5907709264224387,1,0,0.357,0.5,0.5,0.699772497734611
160,15,0.0,0,1,0.357,0.5,0.5,0.699772497734611
160,16,1.4874041606386477,1,0,0.357,0.5,0.5,0.699772497734611
160,17,0.0,0,1,0.357,0.5,0.5,0.699772497734611
160,18,0.0,0,1,0.357,0.5,0.5,0.699772497734611
160,19,1.1445057716333875,1,0,0.357,0.5,0.5,0.699772497734611
160,20,0.0,0,1,0.357,0.5,0.5,0.699772497734611
160,21,0.009470312423081415,1,0,0.357,0.5,0.5,0.699772497734611
160,22,0.0,0,1,0.357,0.5,0.5,0.699772497734611
160,23,0.0,0,1,0.357,0.5,0.5,0.699772497734611
160,24,5.622870232155098e-05,1,0,0.357,0.5,0.5,0.699772497734611
160,25,0.0,0,1,0.357,0.5,0.5,0.699772497734611
160,26,0.0,0,1,0.357,0.5,0.5,0.699772497734611
160,27,0.050718084252304924,1,0,0.357,0.5,0.5,0.699772497734611
160,28,0.0014504551955351547,1,0,0.357,0.5,0.5,0.699772497734611
160,29,0.12249397023909221,1,0,0.357,0.5,0.5,0.699772497734611
160,30,0.0,0,1,0.357,0.5,0.5,0.699772497734611
160,31,0.0,0,1,0.357,0.5,0.5,0.699772497734611
160,32,0.0,0,1,0.357,0.5,0.5,0.699772497734611
160,33,0.0,0,1,0.357,0.5,0.5,0.699772497734611
160,34,0.0,0,1,0.357,0.5,0.5,0.699772497734611
160,35,0.0,0,1,0.357,0.5,0.5,0.699772497734611
160,36,0.0,0,1,0.357,0.5,0.5,0.699772497734611
160,37,0.0,0,1,0.357,0.5,0.5,0.699772497734611
160,38,2.0758024666888946,1,0,0.357,0.5,0.5,0.699772497734611
160,39,0.08813151607345,1,0,0.357,0.5,0.5,0.699772497734611
160,40,0.0,0,1,0.357,0.5,0.5,0.699772497734611
160,41,0.0,0,1,0.357,0.5,0.5,0.699772497734611
160,42,0.0,0,1,0.357,0.5,0.5,0.699772497734611
160,43,0.0,0,1,0.357,0.5,0.5,0.699772497734611
160,44,0.0,0,1,0.357,0.5,0.5,0.699772497734611
160,45,0.1617558026397782,1,0,0.357,0.5,0.5,0.699772497734611
160,46,0.0,0,1,0.357,0.5,0.5,0.699772497734611
160,47,0.0,0,1,0.357,0.5,0.5,0.699772497734611
160,48,0.6121981251029058,1,0,0.357,0.5,0.5,0.699772497734611
160,49,0.0,0,1,0.357,0.5,0.5,0.699772497734611
161,0,0.0,0,1,0.357,0.5,0.5,0.699772497734611
161,1,0.1858348606252158,1,0,0.357,0.5,0.5,0.699772497734611
161,2,0.0,0,1,0.357,0.5,0.5,0.699772497734611
161,3,0.0,0,1,0.357,0.5,0.5,0.699772497734611
161,4,0.0,0,1,0.357,0.5,0.5,0.699772497734611
161,5,2.97323449504152,2,0,0.357,0.5,0.5,0.699772497734611
161,6,0.9665607211631895,1,0,0.357,0.5,0.5,0.699772497734611
161,7,3.0515235343986196,2,0,0.357,0.5,0.5,0.699772497734611
161,8,0.0672881924891604,1,0,0.357,0.5,0.5,0.699772497734611
161,9,0.3595800433779261,1,0,0.357,0.5,0.5,0.699772497734611
161,10,0.6901591723362822,1,0,0.357,0.5,0.5,0.699772497734611
161,11,0.0,0,1,0.357,0.5,0.5,0.699772497734611
161,12,0.0,0,1,0.357,0.5,0.5,0.699772497734611
161,13,0.018015792482803206,1,0,0.357,0.5,0.5,0.699772497734611
161,14,0.0,0,1,0.357,0.5,0.5,0.699772497734611
161,15,0.0,0,1,0.357,0.5,0.5,0.699772497734611
161,16,0.3879244483839557,1,0,0.357,0.5,0.5,0.699772497734611
161,17,0.0,0,1,0.357,0.5,0.5,0.699772497734611
161,18,0.9240575420459407,1,0,0.357,0.5,0.5,0.699772497734611
161,19,0.0,0,1,0.357,0.5,0.5,0.699772497734611
161,20,0.16718901135368586,1,0,0.357,0.5,0.5,0.699772497734611
161,21,0.0,0,1,0.357,0.5,0.5,0.699772497734611
161,22,0.0,0,1,0.357,0.5,0.5,0.699772497734611
161,23,0.0,0,1,0.357,0.5,0.5,0.699772497734611
161,24,0.0,0,1,0.357,0.5,0.5,0.699772497734611
161,25,0.5971595962357034,1,0,0.357,0.5,0.5,0.699772497734611
161,26,0.0,0,1,0.357,0.5,0.5,0.699772497734611
161,27,0.0,0,1,0.357,0.5,0.5,0.699772497734611
161,28,0.0,0,1,0.357,0.5,0.5,0.699772497734611
161,29,0.0,0,1,0.357,0.5,0.5,0.699772497734611
161,30,0.006503231955244202,1,0,0.357,0.5,0.5,0.699772497734611
161,31,0.0,0,1,0.357,0.5,0.5,0.699772497734611
161,32,0.0,0,1,0.357,0.5,0.5,0.699772497734611
161,33,0.0,0,1,0.357,0.5,0.5,0.699772497734611
161,34,0.0,0,1,0.357,0.5,0.5,0.699772497734611
161,35,0.0,0,1,0.357,0.5,0.5,0.699772497734611
161,36,0.03811307220962996,1,0,0.357,0.5,0.5,0.699772497734611
161,37,0.0,0,1,0.357,0.5,0.5,0.699772497734611
161,38,0.0,0,1,0.357,0.5,0.5,0.699772497734611
161,39,0.2821346417544955,1,0,0.357,0.5,0.5,0.699772497734611
161,40,0.0,0,1,0.357,0.5,0.5,0.699772497734611
161,41,0.3172241397702134,1,0,0.357,0.5,0.5,0.699772497734611
161,42,0.0,0,1,0.357,0.5,0.5,0.699772497734611
161,43,0.0,0,1,0.357,0.5,0.5,0.699772497734611
161,44,0.0,0,1,0.357,0.5,0.5,0.699772497734611
161,45,0.0,0,1,0.357,0.5,0.5,0.699772497734611
161,46,0.0,0,1,0.357,0.5,0.5,0.699772497734611
161,47,0.0,0,1,0.357,0.5,0.5,0.699772497734611
161,48,5.045636906450902,2,0,0.357,0.5,0.5,0.699772497734611
161,49,0.0,0,1,0.357,0.5,0.5,0.699772497734611
162,0,0.0,0,1,0.357,0.5,0.5,0.699772497734611
162,1,0.0,0,1,0.357,0.5,0.5,0.699772497734611
162,2,0.44854539431824,1,0,0.357,0.5,0.5,0.699772497734611
162,3,0.0,0,1,0.357,0.5,0.5,0.699772497734611
162,4,0.0,0,1,0.357,0.5,0.5,0.699772497734611
162,5,0.0,0,1,0.357,0.5,0.5,0.699772497734611
162,6,2.6208112687967255,1,0,0.357,0.5,0.5,0.699772497734611
162,7,0.0,0,1,0.357,0.5,0.5,0.699772497734611
162,8,0.23616314134762986,1,0,0.357,0.5,0.5,0.699772497734611
162,9,0.0,0,1,0.357,0.5,0.5,0.699772497734611
162,10,0.0,0,1,0.357,0.5,0.5,0.699772497734611
162,11,0.0,0,1,0.357,0.5,0.5,0.699772497734611
162,12,0.501913381128288,1,0,0.357,0.5,0.5,0.699772497734611
162,13,0.0,0,1,0.357,0.5,0.5,0.699772497734611
162,14,3.4191019447324567,1,0,0.357,0.5,0.5,0.699772497734611
162,15,0.0,0,1,0.357,0.5,0.5,0.699772497734611
162,16,0.0,0,1,0.357,0.5,0.5,0.699772497734611
162,17,0.0,0,1,0.357,0.5,0.5,0.699772497734611
162,18,0.2459561765156462,1,0,0.357,0.5,0.5,0.699772497734611
162,19,0.0,0,1,0.357,0.5,0.5,0.699772497734611
162,20,0.0,0,1,0.357,0.5,0.5,0.699772497734611
162,21,0.0,0,1,0.357,0.5,0.5,0.699772497734611
162,22,0.5633346264526707,1,0,0.357,0.5,0.5,0.699772497734611
162,23,6.9502744453681435,3,0,0.357,0.5,0.5,0.699772497734611
162,24,0.0,0,1,0.357,0.5,0.5,0.699772497734611
162,25,0.13955298319004114,1,0,0.357,0.5,0.5,0.699772497734611
162,26,0.0,0,1,0.357,0.5,0.5,0.699772497734611
162,27,0.0,0,1,0.357,0.5,0.5,0.699772497734611
162,28,3.4679731664360474,2,0,0.357,0.5,0.5,0.699772497734611
162,29,0.0,0,1,0.357,0.5,0.5,0.699772497734611
162,30,6.211208462735769,2,0,0.357,0.5,0.5,0.699772497734611
162,31,0.0,0,1,0.357,0.5,0.5,0.699772497734611
162,32,0.0,0,1,0.357,0.5,0.5,0.699772497734611
162,33,0.0,0,1,0.357,0.5,0.5,0.699772497734611
162,34,3.5600782370551833,2,0,0.357,0.5,0.5,0.699772497734611
162,35,2.5800668208428803,2,0,0.357,0.5,0.5,0.699772497734611
162,36,0.0,0,1,0.357,0.5,0.5,0.699772497734611
162,37,2.0092534115293006,2,0,0.357,0.5,0.5,0.699772497734611
162,38,0.0,0,1,0.357,0.5,0.5,0.699772497734611
162,39,0.0,0,1,0.357,0.5,0.5,0.699772497734611
162,40,0.0,0,1,0.357,0.5,0.5,0.699772497734611
162,41,0.0,0,1,0.357,0.5,0.5,0.699772497734611
162,42,0.0,0,1,0.357,0.5,0.5,0.699772497734611
162,43,0.0,0,1,0.357,0.5,0.5,0.699772497734611
162,44,1.191331487584425,1,0,0.357,0.5,0.5,0.699772497734611
162,45,0.0,0,1,0.357,0.5,0.5,0.699772497734611
162,46,0.0,0,1,0.357,0.5,0.5,0.699772497734611
162,47,1.0531428120357045,3,0,0.357,0.5,0.5,0.699772497734611
162,48,0.0,0,1,0.357,0.5,0.5,0.699772497734611
162,49,0.0,0,1,0.357,0.5,0.5,0.699772497734611
163,0,0.0,0,1,0.357,0.5,0.5,0.699772497734611
163,1,0.0,0,1,0.357,0.5,0.5,0.699772497734611
163,2,0.6248595568050453,1,0,0.357,0.5,0.5,0.699772497734611
163,3,0.0,0,1,0.357,0.5,0.5,0.699772497734611
163,4,0.5826470478050559,1,0,0.357,0.5,0.5,0.699772497734611
163,5,0.2367381350340279,1,0,0.357,0.5,0.5,0.699772497734611
163,6,5.778241092577174,1,0,0.357,0.5,0.5,0.699772497734611
163,7,0.0,0,1,0.357,0.5,0.5,0.699772497734611
163,8,2.857855216568182,2,0,0.357,0.5,0.5,0.699772497734611
163,9,0.05310045248577087,1,0,0.357,0.5,0.5,0.699772497734611
163,10,1.1493470266692907,1,0,0.357,0.5,0.5,0.699772497734611
163,11,0.0,0,1,0.357,0.5,0.5,0.699772497734611
163,12,0.0,0,1,0.357,0.5,0.5,0.699772497734611
163,13,0.0,0,1,0.357,0.5,0.5,0.699772497734611
163,14,0.3475413598764575,1,0,0.357,0.5,0.5,0.699772497734611
163,15,0.0,0,1,0.357,0.5,0.5,0.699772497734611
163,16,0.5870859352589289,1,0,0.357,0.5,0.5,0.699772497734611
163,17,2.2775171010526605,1,0,0.357,0.5,0.5,0.699772497734611
163,18,0.0,0,1,0.357,0.5,0.5,0.699772497734611
163,19,0.0,0,1,0.357,0.5,0.5,0.699772497734611
163,20,0.0,0,1,0.357,0.5,0.5,0.699772497734611
163,21,0.0,0,1,0.357,0.5,0.5,0.699772497734611
163,22,0.0,0,1,0.357,0.5,0.5,0.699772497734611
163,23,0.0,0,1,0.357,0.5,0.5,0.699772497734611
163,24,0.0,0,1,0.357,0.5,0.5,0.699772497734611
163,25,0.0,0,1,0.357,0.5,0.5,0.699772497734611
163,26,0.21059310713582088,1,0,0.357,0.5,0.5,0.699772497734611
163,27,2.181877576124831,1,0,0.357,0.5,0.5,0.699772497734611
163,28,1.9438548957749158,1,0,0.357,0.5,0.5,0.699772497734611
163,29,0.0,0,1,0.357,0.5,0.5,0.699772497734611
163,30,0.0,0,1,0.357,0.5,0.5,0.699772497734611
163,31,0.0,0,1,0.357,0.5,0.5,0.699772497734611
163,32,0.0,0,1,0.357,0.5,0.5,0.699772497734611
163,33,0.0,0,1,0.357,0.5,0.5,0.699772497734611
163,34,0.0,0,1,0.357,0.5,0.5,0.699772497734611
163,35,0.35925698018538393,1,0,0.357,0.5,0.5,0.699772497734611
163,36,0.0,0,1,0.357,0.5,0.5,0.699772497734611
163,37,0.0,0,1,0.357,0.5,0.5,0.699772497734611
163,38,0.0,0,1,0.357,0.5,0.5,0.699772497734611
163,39,0.06846818524073575,1,0,0.357,0.5,0.5,0.699772497734611
163,40,0.0,0,1,0.357,0.5,0.5,0.699772497734611
163,41,1.430200888276202,1,0,0.357,0.5,0.5,0.699772497734611
163,42,0.0,0,1,0.357,0.5,0.5,0.699772497734611
163,43,4.1580596686944045,1,0,0.357,0.5,0.5,0.699772497734611
163,44,0.0,0,1,0.357,0.5,0.5,0.699772497734611
163,45,0.0,0,1,0.357,0.5,0.5,0.699772497734611
163,46,0.0,0,1,0.357,0.5,0.5,0.699772497734611
163,47,0.0,0,1,0.357,0.5,0.5,0.699772497734611
163,48,1.6551436069094445,1,0,0.357,0.5,0.5,0.699772497734611
163,49,0.0,0,1,0.357,0.5,0.5,0.699772497734611
164,0,0.0,0,1,0.357,0.5,0.5,0.699772497734611
164,1,0.5253584575771245,1,0,0.357,0.5,0.5,0.699772497734611
164,2,1.6660645237681209,3,0,0.357,0.5,0.5,0.699772497734611
164,3,0.043139128200564925,1,0,0.357,0.5,0.5,0.699772497734611
164,4,0.0,0,1,0.357,0.5,0.5,0.699772497734611
164,5,0.0,0,1,0.357,0.5,0.5,0.699772497734611
164,6,0.0,0,1,0.357,0.5,0.5,0.699772497734611
164,7,0.11336868531725698,1,0,0.357,0.5,0.5,0.699772497734611
164,8,0.0,0,1,0.357,0.5,0.5,0.699772497734611
164,9,0.2673342422221529,1,0,0.357,0.5,0.5,0.699772497734611
164,10,0.8803105580478948,2,0,0.357,0.5,0.5,0.699772497734611
164,11,0.0,0,1,0.357,0.5,0.5,0.699772497734611
164,12,0.0,0,1,0.357,0.5,0.5,0.699772497734611
164,13,0.0,0,1,0.357,0.5,0.5,0.699772497734611
164,14,0.0,0,1,0.357,0.5,0.5,0.699772497734611
164,15,0.0,0,1,0.357,0.5,0.5,0.699772497734611
164,16,0.10175450851963981,1,0,0.357,0.5,0.5,0.699772497734611
164,17,0.0,0,1,0.357,0.5,0.5,0.699772497734611
164,18,0.5803629980863604,1,0,0.357,0.5,0.5,0.699772497734611
164,19,0.7630365548690564,1,0,0.357,0.5,0.5,0.699772497734611
164,20,0.0,0,1,0.357,0.5,0.5,0.699772497734611
164,21,0.0,0,1,0.357,0.5,0.5,0.699772497734611
164,22,0.0,0,1,0.357,0.5,0.5,0.699772497734611
164,23,0.0,0,1,0.357,0.5,0.5,0.699772497734611
164,24,0.0,0,1,0.357,0.5,0.5,0.699772497734611
164,25,0.0,0,1,0.357,0.5,0.5,0.699772497734611
164,26,1.2411704946746709,1,0,0.357,0.5,0.5,0.699772497734611
164,27,0.0,0,1,0.357,0.5,0.5,0.699772497734611
164,28,2.6464513193563217,2,0,0.357,0.5,0.5,0.699772497734611
164,29,0.061985936583127996,1,0,0.357,0.5,0.5,0.699772497734611
164,30,2.1941870893959967,1,0,0.357,0.5,0.5,0.699772497734611
164,31,0.0,0,1,0.357,0.5,0.5,0.699772497734611
164,32,0.0,0,1,0.357,0.5,0.5,0.699772497734611
164,33,0.0,0,1,0.357,0.5,0.5,0.699772497734611
164,34,0.10725426889492648,1,0,0.357,0.5,0.5,0.699772497734611
164,35,1.1324465787063724,1,0,0.357,0.5,0.5,0.699772497734611
164,36,4.4123178446624545,1,0,0.357,0.5,0.5,0.699772497734611
164,37,0.005605811630556805,1,0,0.357,0.5,0.5,0.699772497734611
164,38,0.0,0,1,0.357,0.5,0.5,0.699772497734611
164,39,0.0,0,1,0.357,0.5,0.5,0.699772497734611
164,40,0.0,0,1,0.357,0.5,0.5,0.699772497734611
164,41,0.0,0,1,0.357,0.5,0.5,0.699772497734611
164,42,9.840045836376093e-05,1,0,0.357,0.5,0.5,0.699772497734611
164,43,0.0,0,1,0.357,0.5,0.5,0.699772497734611
164,44,4.995799350215384,1,0,0.357,0.5,0.5,0.699772497734611
164,45,0.0,0,1,0.357,0.5,0.5,0.699772497734611
164,46,0.0,0,1,0.357,0.5,0.5,0.699772497734611
164,47,0.0,0,1,0.357,0.5,0.5,0.699772497734611
164,48,0.0,0,1,0.357,0.5,0.5,0.699772497734611
164,49,3.0597305522693916,2,0,0.357,0.5,0.5,0.699772497734611
165,0,0.0,0,1,0.357,0.5,0.5,0.699772497734611
165,1,0.0,0,1,0.357,0.5,0.5,0.699772497734611
165,2,0.0,0,1,0.357,0.5,0.5,0.699772497734611
165,3,0.0,0,1,0.357,0.5,0.5,0.699772497734611
165,4,0.8651838124859578,1,0,0.357,0.5,0.5,0.699772497734611
165,5,0.0,0,1,0.357,0.5,0.5,0.699772497734611
165,6,0.0,0,1,0.357,0.5,0.5,0.699772497734611
165,7,0.0,0,1,0.357,0.5,0.5,0.699772497734611
165,8,0.7146355198912269,1,0,0.357,0.5,0.5,0.699772497734611
165,9,0.0,0,1,0.357,0.5,0.5,0.699772497734611
165,10,0.19307388974061998,1,0,0.357,0.5,0.5,0.699772497734611
165,11,0.0,0,1,0.357,0.5,0.5,0.699772497734611
165,12,1.1530464031097922,1,0,0.357,0.5,0.5,0.699772497734611
165,13,0.0,0,1,0.357,0.5,0.5,0.699772497734611
165,14,0.015631140514361992,1,0,0.357,0.5,0.5,0.699772497734611
165,15,0.0,0,1,0.357,0.5,0.5,0.699772497734611
165,16,0.012528522966728125,1,0,0.357,0.5,0.5,0.699772497734611
165,17,0.0,0,1,0.357,0.5,0.5,0.699772497734611
165,18,0.0,0,1,0.357,0.5,0.5,0.699772497734611
165,19,1.1349653422729404,2,0,0.357,0.5,0.5,0.699772497734611
165,20,0.0,0,1,0.357,0.5,0.5,0.699772497734611
165,21,0.0,0,1,0.357,0.5,0.5,0.699772497734611
165,22,0.49361202719124175,1,0,0.357,0.5,0.5,0.699772497734611
165,23,0.0,0,1,0.357,0.5,0.5,0.699772497734611
165,24,0.0,0,1,0.357,0.5,0.5,0.699772497734611
165,25,0.22552475840899547,1,0,0.357,0.5,0.5,0.699772497734611
165,26,0.0,0,1,0.357,0.5,0.5,0.699772497734611
165,27,0.5406618539690616,1,0,0.357,0.5,0.5,0.699772497734611
165,28,0.0,0,1,0.357,0.5,0.5,0.699772497734611
165,29,0.23226194689671892,1,0,0.357,0.5,0.5,0.699772497734611
165,30,0.0,0,1,0.357,0.5,0.5,0.699772497734611
165,31,0.0,0,1,0.357,0.5,0.5,0.699772497734611
165,32,0.0,0,1,0.357,0.5,0.5,0.699772497734611
165,33,0.9590692806995075,1,0,0.357,0.5,0.5,0.699772497734611
165,34,0.9680067167982835,1,0,0.357,0.5,0.5,0.699772497734611
165,35,0.0,0,1,0.357,0.5,0.5,0.699772497734611
165,36,6.044134147795095,1,0,0.357,0.5,0.5,0.699772497734611
165,37,0.0,0,1,0.357,0.5,0.5,0.699772497734611
165,38,0.0,0,1,0.357,0.5,0.5,0.699772497734611
165,39,0.0,0,1,0.357,0.5,0.5,0.699772497734611
165,40,0.0,0,1,0.357,0.5,0.5,0.699772497734611
165,41,0.0,0,1,0.357,0.5,0.5,0.699772497734611
165,42,0.0,0,1,0.357,0.5,0.5,0.699772497734611
165,43,0.8774298706515966,1,0,0.357,0.5,0.5,0.699772497734611
165,44,0.0,0,1,0.357,0.5,0.5,0.699772497734611
165,45,0.0,0,1,0.357,0.5,0.5,0.699772497734611
165,46,0.4257193449047554,1,0,0.357,0.5,0.5,0.699772497734611
165,47,0.0,0,1,0.357,0.5,0.5,0.699772497734611
165,48,0.9439493423663982,1,0,0.357,0.5,0.5,0.699772497734611
165,49,0.0,0,1,0.357,0.5,0.5,0.699772497734611
166,0,0.0,0,1,0.357,0.5,0.5,0.699772497734611
166,1,3.6193481037882766,1,0,0.357,0.5,0.5,0.699772497734611
166,2,0.8906978956979782,1,0,0.357,0.5,0.5,0.699772497734611
166,3,0.0,0,1,0.357,0.5,0.5,0.699772497734611
166,4,0.5313669638458579,1,0,0.357,0.5,0.5,0.699772497734611
166,5,0.2835432662378933,1,0,0.357,0.5,0.5,0.699772497734611
166,6,0.0,0,1,0.357,0.5,0.5,0.699772497734611
166,7,0.0,0,1,0.357,0.5,0.5,0.699772497734611
166,8,0.0,0,1,0.357,0.5,0.5,0.699772497734611
166,9,4.97900163965701,1,0,0.357,0.5,0.5,0.699772497734611
166,10,0.3232044118921477,1,0,0.357,0.5,0.5,0.699772497734611
166,11,0.0,0,1,0.357,0.5,0.5,0.699772497734611
166,12,0.0,0,1,0.357,0.5,0.5,0.699772497734611
166,13,2.6174660684967868,1,0,0.357,0.5,0.5,0.699772497734611
166,14,0.0,0,1,0.357,0.5,0.5,0.699772497734611
166,15,0.3176779047094934,1,0,0.357,0.5,0.5,0.699772497734611
166,16,0.0,0,1,0.357,0.5,0.5,0.699772497734611
166,17,0.0,0,1,0.357,0.5,0.5,0.699772497734611
166,18,0.0,0,1,0.357,0.5,0.5,0.699772497734611
166,19,0.0,0,1,0.357,0.5,0.5,0.699772497734611
166,20,0.0,0,1,0.357,0.5,0.5,0.699772497734611
166,21,0.0,0,1,0.357,0.5,0.5,0.699772497734611
166,22,0.3347714557381918,1,0,0.357,0.5,0.5,0.699772497734611
166,23,0.0,0,1,0.357,0.5,0.5,0.699772497734611
166,24,3.9835339808276116,1,0,0.357,0.5,0.5,0.699772497734611
166,25,0.0,0,1,0.357,0.5,0.5,0.699772497734611
166,26,0.0,0,1,0.357,0.5,0.5,0.699772497734611
166,27,0.12694417031188426,1,0,0.357,0.5,0.5,0.699772497734611
166,28,0.0,0,1,0.357,0.5,0.5,0.699772497734611
166,29,1.3357223858103027,1,0,0.357,0.5,0.5,0.699772497734611
166,30,0.0,0,1,0.357,0.5,0.5,0.699772497734611
166,31,0.008923886348180683,1,0,0.357,0.5,0.5,0.699772497734611
166,32,0.0,0,1,0.357,0.5,0.5,0.699772497734611
166,33,0.0,0,1,0.357,0.5,0.5,0.699772497734611
166,34,0.0,0,1,0.357,0.5,0.5,0.699772497734611
166,35,0.0,0,1,0.357,0.5,0.5,0.699772497734611
166,36,0.0,0,1,0.357,0.5,0.5,0.699772497734611
166,37,0.0,0,1,0.357,0.5,0.5,0.699772497734611
166,38,0.0,0,1,0.357,0.5,0.5,0.699772497734611
166,39,0.6925262630636909,2,0,0.357,0.5,0.5,0.699772497734611
166,40,0.0,0,1,0.357,0.5,0.5,0.699772497734611
166,41,0.0,0,1,0.357,0.5,0.5,0.699772497734611
166,42,0.0,0,1,0.357,0.5,0.5,0.699772497734611
166,43,0.0,0,1,0.357,0.5,0.5,0.699772497734611
166,44,0.15873516858291542,1,0,0.357,0.5,0.5,0.699772497734611
166,45,0.0,0,1,0.357,0.5,0.5,0.699772497734611
166,46,0.0,0,1,0.357,0.5,0.5,0.699772497734611
166,47,0.0,0,1,0.357,0.5,0.5,0.699772497734611
166,48,0.0,0,1,0.357,0.5,0.5,0.699772497734611
166,49,0.0,0,1,0.357,0.5,0.5,0.699772497734611
167,0,0.07569660680267071,1,0,0.357,0.5,0.5,0.699772497734611
167,1,0.0,0,1,0.357,0.5,0.5,0.699772497734611
167,2,0.0,0,1,0.357,0.5,0.5,0.699772497734611
167,3,0.819805946006396,1,0,0.357,0.5,0.5,0.699772497734611
167,4,0.1316693099525612,1,0,0.357,0.5,0.5,0.699772497734611
167,5,0.0,0,1,0.357,0.5,0.5,0.699772497734611
167,6,0.09782849077262099,1,0,0.357,0.5,0.5,0.699772497734611
167,7,0.0,0,1,0.357,0.5,0.5,0.699772497734611
167,8,0.0,0,1,0.357,0.5,0.5,0.699772497734611
167,9,0.0,0,1,0.357,0.5,0.5,0.699772497734611
167,10,0.0,0,1,0.357,0.5,0.5,0.699772497734611
167,11,0.004362449034683642,1,0,0.357,0.5,0.5,0.699772497734611
167,12,0.0,0,1,0.357,0.5,0.5,0.699772497734611
167,13,0.14436575692137377,1,0,0.357,0.5,0.5,0.699772497734611
167,14,0.0,0,1,0.357,0.5,0.5,0.699772497734611
167,15,0.0,0,1,0.357,0.5,0.5,0.699772497734611
167,16,0.0,0,1,0.357,0.5,0.5,0.699772497734611
167,17,0.0,0,1,0.357,0.5,0.5,0.699772497734611
167,18,0.19796848150604288,1,0,0.357,0.5,0.5,0.699772497734611
167,19,0.0,0,1,0.357,0.5,0.5,0.699772497734611
167,20,0.0,0,1,0.357,0.5,0.5,0.699772497734611
167,21,0.09653774298997746,1,0,0.357,0.5,0.5,0.699772497734611
167,22,0.0,0,1,0.357,0.5,0.5,0.699772497734611
167,23,3.1427520073036352,2,0,0.357,0.5,0.5,0.699772497734611
167,24,0.0,0,1,0.357,0.5,0.5,0.699772497734611
167,25,0.44384200133157037,1,0,0.357,0.5,0.5,0.699772497734611
167,26,0.0,0,1,0.357,0.5,0.5,0.699772497734611
167,27,0.0003746726703807962,1,0,0.357,0.5,0.5,0.699772497734611
167,28,0.0,0,1,0.357,0.5,0.5,0.699772497734611
167,29,0.0,0,1,0.357,0.5,0.5,0.699772497734611
167,30,0.0,0,1,0.357,0.5,0.5,0.699772497734611
167,31,1.0412071371083058,1,0,0.357,0.5,0.5,0.699772497734611
167,32,0.0,0,1,0.357,0.5,0.5,0.699772497734611
167,33,0.0,0,1,0.357,0.5,0.5,0.699772497734611
167,34,0.0,0,1,0.357,0.5,0.5,0.699772497734611
167,35,0.0032493393837111618,1,0,0.357,0.5,0.5,0.699772497734611
167,36,0.0,0,1,0.357,0.5,0.5,0.699772497734611
167,37,0.0,0,1,0.357,0.5,0.5,0.699772497734611
167,38,0.10112948668450372,1,0,0.357,0.5,0.5,0.699772497734611
167,39,0.05952557626290258,2,0,0.357,0.5,0.5,0.699772497734611
167,40,0.0,0,1,0.357,0.5,0.5,0.699772497734611
167,41,0.434780152983336,1,0,0.357,0.5,0.5,0.699772497734611
167,42,0.0,0,1,0.357,0.5,0.5,0.699772497734611
167,43,0.0,0,1,0.357,0.5,0.5,0.699772497734611
167,44,0.0313633131472399,1,0,0.357,0.5,0.5,0.699772497734611
167,45,0.18050420884047091,1,0,0.357,0.5,0.5,0.699772497734611
167,46,0.0,0,1,0.357,0.5,0.5,0.699772497734611
167,47,7.858810157026845e-05,1,0,0.357,0.5,0.5,0.699772497734611
167,48,0.0,0,1,0.357,0.5,0.5,0.699772497734611
167,49,6.575679717075793,1,0,0.357,0.5,0.5,0.699772497734611
168,0,0.6299874566273697,1,0,0.357,0.5,0.5,0.699772497734611
168,1,0.0,0,1,0.357,0.5,0.5,0.699772497734611
168,2,0.0,0,1,0.357,0.5,0.5,0.699772497734611
168,3,0.0,0,1,0.357,0.5,0.5,0.699772497734611
168,4,0.0,0,1,0.357,0.5,0.5,0.699772497734611
168,5,0.0,0,1,0.357,0.5,0.5,0.699772497734611
168,6,0.0,0,1,0.357,0.5,0.5,0.699772497734611
168,7,0.0,0,1,0.357,0.5,0.5,0.699772497734611
168,8,0.0,0,1,0.357,0.5,0.5,0.699772497734611
168,9,0.0,0,1,0.357,0.5,0.5,0.699772497734611
168,10,0.0,0,1,0.357,0.5,0.5,0.699772497734611
168,11,0.0,0,1,0.357,0.5,0.5,0.699772497734611
168,12,0.0,0,1,0.357,0.5,0.5,0.699772497734611
168,13,2.197069362967421,1,0,0.357,0.5,0.5,0.699772497734611
168,14,0.0,0,1,0.357,0.5,0.5,0.699772497734611
168,15,0.2795689329385033,1,0,0.357,0.5,0.5,0.699772497734611
168,16,0.930818063071281,1,0,0.357,0.5,0.5,0.699772497734611
168,17,0.7386951629404123,1,0,0.357,0.5,0.5,0.699772497734611
168,18,0.0,0,1,0.357,0.5,0.5,0.699772497734611
168,19,4.404160801852641,1,0,0.357,0.5,0.5,0.699772497734611
168,20,0.0,0,1,0.357,0.5,0.5,0.699772497734611
168,21,0.0,0,1,0.357,0.5,0.5,0.699772497734611
168,22,0.0,0,1,0.357,0.5,0.5,0.699772497734611
168,23,0.0,0,1,0.357,0.5,0.5,0.699772497734611
168,24,3.4393576992396517,1,0,0.357,0.5,0.5,0.699772497734611
168,25,0.0,0,1,0.357,0.5,0.5,0.699772497734611
168,26,0.0,0,1,0.357,0.5,0.5,0.699772497734611
168,27,0.5821128797932704,1,0,0.357,0.5,0.5,0.699772497734611
168,28,0.0,0,1,0.357,0.5,0.5,0.699772497734611
168,29,0.0,0,1,0.357,0.5,0.5,0.699772497734611
168,30,0.0,0,1,0.357,0.5,0.5,0.699772497734611
168,31,0.0,0,1,0.357,0.5,0.5,0.699772497734611
168,32,0.0,0,1,0.357,0.5,0.5,0.699772497734611
168,33,0.09180058375237114,1,0,0.357,0.5,0.5,0.699772497734611
168,34,0.0,0,1,0.357,0.5,0.5,0.699772497734611
168,35,0.0,0,1,0.357,0.5,0.5,0.699772497734611
168,36,0.0,0,1,0.357,0.5,0.5,0.699772497734611
168,37,0.0,0,1,0.357,0.5,0.5,0.699772497734611
168,38,0.0,0,1,0.357,0.5,0.5,0.699772497734611
168,39,2.3735732231714763,1,0,0.357,0.5,0.5,0.699772497734611
168,40,0.0,0,1,0.357,0.5,0.5,0.699772497734611
168,41,0.0,0,1,0.357,0.5,0.5,0.699772497734611
168,42,0.0,0,1,0.357,0.5,0.5,0.699772497734611
168,43,0.0,0,1,0.357,0.5,0.5,0.699772497734611
168,44,0.0,0,1,0.357,0.5,0.5,0.699772497734611
168,45,0.0,0,1,0.357,0.5,0.5,0.699772497734611
168,46,0.03626543607037745,1,0,0.357,0.5,0.5,0.699772497734611
168,47,0.9344735818123131,1,0,0.357,0.5,0.5,0.699772497734611
168,48,0.5332029881131781,1,0,0.357,0.5,0.5,0.699772497734611
168,49,0.0,0,1,0.357,0.5,0.5,0.699772497734611
169,0,0.0,0,1,0.357,0.5,0.5,0.699772497734611
169,1,0.0,0,1,0.357,0.5,0.5,0.699772497734611
169,2,0.0,0,1,0.357,0.5,0.5,0.699772497734611
169,3,0.0,0,1,0.357,0.5,0.5,0.699772497734611
169,4,2.7474756690811826,2,0,0.357,0.5,0.5,0.699772497734611
169,5,0.6275661764013176,1,0,0.357,0.5,0.5,0.699772497734611
169,6,0.7209526425590881,1,0,0.357,0.5,0.5,0.699772497734611
169,7,1.7165068635618401,2,0,0.357,0.5,0.5,0.699772497734611
169,8,0.8148630355486424,1,0,0.357,0.5,0.5,0.699772497734611
169,9,0.0,0,1,0.357,0.5,0.5,0.699772497734611
169,10,1.2577231232637471,1,0,0.357,0.5,0.5,0.699772497734611
169,11,0.0,0,1,0.357,0.5,0.5,0.699772497734611
169,12,0.528029413080856,1,0,0.357,0.5,0.5,0.699772497734611
169,13,0.0,0,1,0.357,0.5,0.5,0.699772497734611
169,14,0.0,0,1,0.357,0.5,0.5,0.699772497734611
169,15,0.0,0,1,0.357,0.5,0.5,0.699772497734611
169,16,0.0,0,1,0.357,0.5,0.5,0.699772497734611
169,17,0.0,0,1,0.357,0.5,0.5,0.699772497734611
169,18,0.0,0,1,0.357,0.5,0.5,0.699772497734611
169,19,0.07269493421858272,1,0,0.357,0.5,0.5,0.699772497734611
169,20,0.0,0,1,0.357,0.5,0.5,0.699772497734611
169,21,0.0,0,1,0.357,0.5,0.5,0.699772497734611
169,22,0.0,0,1,0.357,0.5,0.5,0.699772497734611
169,23,0.0,0,1,0.357,0.5,0.5,0.699772497734611
169,24,0.0,0,1,0.357,0.5,0.5,0.699772497734611
169,25,0.03314248914550725,1,0,0.357,0.5,0.5,0.699772497734611
169,26,0.0,0,1,0.357,0.5,0.5,0.699772497734611
169,27,0.0,0,1,0.357,0.5,0.5,0.699772497734611
169,28,0.18423939507566967,1,0,0.357,0.5,0.5,0.699772497734611
169,29,0.0,0,1,0.357,0.5,0.5,0.699772497734611
169,30,0.0,0,1,0.357,0.5,0.5,0.699772497734611
169,31,0.0,0,1,0.357,0.5,0.5,0.699772497734611
169,32,0.0,0,1,0.357,0.5,0.5,0.699772497734611
169,33,1.5540353627267354,2,0,0.357,0.5,0.5,0.699772497734611
169,34,0.0,0,1,0.357,0.5,0.5,0.699772497734611
169,35,0.0,0,1,0.357,0.5,0.5,0.699772497734611
169,36,0.32010869555944427,1,0,0.357,0.5,0.5,0.699772497734611
169,37,0.0,0,1,0.357,0.5,0.5,0.699772497734611
169,38,0.04642964876135337,1,0,0.357,0.5,0.5,0.699772497734611
169,39,0.0,0,1,0.357,0.5,0.5,0.699772497734611
169,40,0.0,0,1,0.357,0.5,0.5,0.699772497734611
169,41,0.6576213066293629,1,0,0.357,0.5,0.5,0.699772497734611
169,42,0.9915050036064873,1,0,0.357,0.5,0.5,0.699772497734611
169,43,0.0,0,1,0.357,0.5,0.5,0.699772497734611
169,44,0.0,0,1,0.357,0.5,0.5,0.699772497734611
169,45,0.0,0,1,0.357,0.5,0.5,0.699772497734611
169,46,0.0,0,1,0.357,0.5,0.5,0.699772497734611
169,47,0.6139549443901388,1,0,0.357,0.5,0.5,0.699772497734611
169,48,0.34440795247029765,1,0,0.357,0.5,0.5,0.699772497734611
169,49,0.0,0,1,0.357,0.5,0.5,0.699772497734611
170,0,0.0,0,1,0.357,0.5,0.5,0.699772497734611
170,1,0.0,0,1,0.357,0.5,0.5,0.699772497734611
170,2,0.026859382182995793,1,0,0.357,0.5,0.5,0.699772497734611
170,3,0.0,0,1,0.357,0.5,0.5,0.699772497734611
170,4,0.0,0,1,0.357,0.5,0.5,0.699772497734611
170,5,0.0,0,1,0.357,0.5,0.5,0.699772497734611
170,6,0.0,0,1,0.357,0.5,0.5,0.699772497734611
170,7,0.09758795754382756,1,0,0.357,0.5,0.5,0.699772497734611
170,8,0.0,0,1,0.357,0.5,0.5,0.699772497734611
170,9,0.0,0,1,0.357,0.5,0.5,0.699772497734611
170,10,0.0,0,1,0.357,0.5,0.5,0.699772497734611
170,11,0.0,0,1,0.357,0.5,0.5,0.699772497734611
170,12,0.0,0,1,0.357,0.5,0.5,0.699772497734611
170,13,3.7630201361639224,1,0,0.357,0.5,0.5,0.699772497734611
170,14,0.0,0,1,0.357,0.5,0.5,0.699772497734611
170,15,1.0484489822412664,1,0,0.357,0.5,0.5,0.699772497734611
170,16,0.029862957558634936,1,0,0.357,0.5,0.5,0.699772497734611
170,17,0.0,0,1,0.357,0.5,0.5,0.699772497734611
170,18,0.0,0,1,0.357,0.5,0.5,0.699772497734611
170,19,0.0,0,1,0.357,0.5,0.5,0.699772497734611
170,20,0.0,0,1,0.357,0.5,0.5,0.699772497734611
170,21,0.0,0,1,0.357,0.5,0.5,0.699772497734611
170,22,0.5070231608595571,2,0,0.357,0.5,0.5,0.699772497734611
170,23,0.16094283876165935,1,0,0.357,0.5,0.5,0.699772497734611
170,24,0.0,0,1,0.357,0.5,0.5,0.699772497734611
170,25,0.0,0,1,0.357,0.5,0.5,0.699772497734611
170,26,0.0,0,1,0.357,0.5,0.5,0.699772497734611
170,27,0.0,0,1,0.357,0.5,0.5,0.699772497734611
170,28,0.0,0,1,0.357,0.5,0.5,0.699772497734611
170,29,2.7446643336472447,1,0,0.357,0.5,0.5,0.699772497734611
170,30,0.0004208733762317448,1,0,0.357,0.5,0.5,0.699772497734611
170,31,0.0,0,1,0.357,0.5,0.5,0.699772497734611
170,32,0.8861594877786495,1,0,0.357,0.5,0.5,0.699772497734611
170,33,0.014416255460001208,1,0,0.357,0.5,0.5,0.699772497734611
170,34,0.0,0,1,0.357,0.5,0.5,0.699772497734611
170,35,0.0,0,1,0.357,0.5,0.5,0.699772497734611
170,36,0.0,0,1,0.357,0.5,0.5,0.699772497734611
170,37,0.00457112412222334,1,0,0.357,0.5,0.5,0.699772497734611
170,38,0.0,0,1,0.357,0.5,0.5,0.699772497734611
170,39,1.8190414682852876,2,0,0.357,0.5,0.5,0.699772497734611
170,40,0.0,0,1,0.357,0.5,0.5,0.699772497734611
170,41,0.0,0,1,0.357,0.5,0.5,0.699772497734611
170,42,0.0,0,1,0.357,0.5,0.5,0.699772497734611
170,43,0.0,0,1,0.357,0.5,0.5,0.699772497734611
170,44,0.4170686098384695,1,0,0.357,0.5,0.5,0.699772497734611
170,45,6.829517047170063,2,0,0.357,0.5,0.5,0.699772497734611
170,46,1.424343350109316,1,0,0.357,0.5,0.5,0.699772497734611
170,47,0.14436812527640142,2,0,0.357,0.5,0.5,0.699772497734611
170,48,0.09492348149409688,1,0,0.357,0.5,0.5,0.699772497734611
170,49,0.0,0,1,0.357,0.5,0.5,0.699772497734611
171,0,0.0,0,1,0.357,0.5,0.5,0.699772497734611
171,1,0.008640271770210215,1,0,0.357,0.5,0.5,0.699772497734611
171,2,0.5355431408935314,2,0,0.357,0.5,0.5,0.699772497734611
171,3,0.0,0,1,0.357,0.5,0.5,0.699772497734611
171,4,0.0,0,1,0.357,0.5,0.5,0.699772497734611
171,5,0.0,0,1,0.357,0.5,0.5,0.699772497734611
171,6,0.3333856746312247,1,0,0.357,0.5,0.5,0.699772497734611
171,7,0.0,0,1,0.357,0.5,0.5,0.699772497734611
171,8,0.2242988409250125,1,0,0.357,0.5,0.5,0.699772497734611
171,9,0.3201945477778573,1,0,0.357,0.5,0.5,0.699772497734611
171,10,0.0,0,1,0.357,0.5,0.5,0.699772497734611
171,11,0.0,0,1,0.357,0.5,0.5,0.699772497734611
171,12,0.0,0,1,0.357,0.5,0.5,0.699772497734611
171,13,0.35180269449421003,1,0,0.357,0.5,0.5,0.699772497734611
171,14,0.0,0,1,0.357,0.5,0.5,0.699772497734611
171,15,4.593210744669168,1,0,0.357,0.5,0.5,0.699772497734611
171,16,0.0,0,1,0.357,0.5,0.5,0.699772497734611
171,17,0.0,0,1,0.357,0.5,0.5,0.699772497734611
171,18,0.013026236385683069,1,0,0.357,0.5,0.5,0.699772497734611
171,19,0.0,0,1,0.357,0.5,0.5,0.699772497734611
171,20,0.0,0,1,0.357,0.5,0.5,0.699772497734611
171,21,0.6308885295730035,1,0,0.357,0.5,0.5,0.699772497734611
171,22,3.0790901358925913,2,0,0.357,0.5,0.5,0.699772497734611
171,23,0.6021982365884059,1,0,0.357,0.5,0.5,0.699772497734611
171,24,0.0,0,1,0.357,0.5,0.5,0.699772497734611
171,25,0.0,0,1,0.357,0.5,0.5,0.699772497734611
171,26,1.6624557250946081,1,0,0.357,0.5,0.5,0.699772497734611
171,27,0.0,0,1,0.357,0.5,0.5,0.699772497734611
171,28,5.785942115015532,2,0,0.357,0.5,0.5,0.699772497734611
171,29,0.0,0,1,0.357,0.5,0.5,0.699772497734611
171,30,0.0,0,1,0.357,0.5,0.5,0.699772497734611
171,31,0.0,0,1,0.357,0.5,0.5,0.699772497734611
171,32,0.0,0,1,0.357,0.5,0.5,0.699772497734611
171,33,0.18776162869811353,1,0,0.357,0.5,0.5,0.699772497734611
171,34,0.0,0,1,0.357,0.5,0.5,0.699772497734611
171,35,0.0,0,1,0.357,0.5,0.5,0.699772497734611
171,36,1.3403642893042145,2,0,0.357,0.5,0.5,0.699772497734611
171,37,1.1085421964130289,1,0,0.357,0.5,0.5,0.699772497734611
171,38,0.0,0,1,0.357,0.5,0.5,0.699772497734611
171,39,1.2454707885996474,1,0,0.357,0.5,0.5,0.699772497734611
171,40,0.3896188905701665,1,0,0.357,0.5,0.5,0.699772497734611
171,41,0.0,0,1,0.357,0.5,0.5,0.699772497734611
171,42,0.18094322920262104,1,0,0.357,0.5,0.5,0.699772497734611
171,43,0.0,0,1,0.357,0.5,0.5,0.699772497734611
171,44,0.0,0,1,0.357,0.5,0.5,0.699772497734611
171,45,2.0659376888765224,1,0,0.357,0.5,0.5,0.699772497734611
171,46,0.0,0,1,0.357,0.5,0.5,0.699772497734611
171,47,0.0,0,1,0.357,0.5,0.5,0.699772497734611
171,48,0.0,0,1,0.357,0.5,0.5,0.699772497734611
171,49,0.0,0,1,0.357,0.5,0.5,0.699772497734611
172,0,0.0,0,1,0.357,0.5,0.5,0.699772497734611
172,1,0.0,0,1,0.357,0.5,0.5,0.699772497734611
172,2,1.2784160724776878,2,0,0.357,0.5,0.5,0.699772497734611
172,3,0.0,0,1,0.357,0.5,0.5,0.699772497734611
172,4,0.0,0,1,0.357,0.5,0.5,0.699772497734611
172,5,0.0,0,1,0.357,0.5,0.5,0.699772497734611
172,6,0.2980791935198695,1,0,0.357,0.5,0.5,0.699772497734611
172,7,0.0,0,1,0.357,0.5,0.5,0.699772497734611
172,8,0.089449496254603,1,0,0.357,0.5,0.5,0.699772497734611
172,9,0.0,0,1,0.357,0.5,0.5,0.699772497734611
172,10,0.0,0,1,0.357,0.5,0.5,0.699772497734611
172,11,0.0,0,1,0.357,0.5,0.5,0.699772497734611
172,12,0.0,0,1,0.357,0.5,0.5,0.699772497734611
172,13,0.2368250266703655,1,0,0.357,0.5,0.5,0.699772497734611
172,14,0.44311412034672293,1,0,0.357,0.5,0.5,0.699772497734611
172,15,0.25331581738969206,1,0,0.357,0.5,0.5,0.699772497734611
172,16,0.0,0,1,0.357,0.5,0.5,0.699772497734611
172,17,0.0,0,1,0.357,0.5,0.5,0.699772497734611
172,18,0.0,0,1,0.357,0.5,0.5,0.699772497734611
172,19,0.28293806168512736,1,0,0.357,0.5,0.5,0.699772497734611
172,20,1.8151629157573956,2,0,0.357,0.5,0.5,0.699772497734611
172,21,0.011934212911589824,1,0,0.357,0.5,0.5,0.699772497734611
172,22,0.0,0,1,0.357,0.5,0.5,0.699772497734611
172,23,0.0,0,1,0.357,0.5,0.5,0.699772497734611
172,24,0.0,0,1,0.357,0.5,0.5,0.699772497734611
172,25,0.35044921146037306,1,0,0.357,0.5,0.5,0.699772497734611
172,26,0.24188220252283718,2,0,0.357,0.5,0.5,0.699772497734611
172,27,0.0,0,1,0.357,0.5,0.5,0.699772497734611
172,28,0.0,0,1,0.357,0.5,0.5,0.699772497734611
172,29,1.9229061531837857,1,0,0.357,0.5,0.5,0.699772497734611
172,30,0.10488045604522415,1,0,0.357,0.5,0.5,0.699772497734611
172,31,0.0,0,1,0.357,0.5,0.5,0.699772497734611
172,32,0.0,0,1,0.357,0.5,0.5,0.699772497734611
172,33,0.0,0,1,0.357,0.5,0.5,0.699772497734611
172,34,0.0,0,1,0.357,0.5,0.5,0.699772497734611
172,35,2.5755264240734137,1,0,0.357,0.5,0.5,0.699772497734611
172,36,1.5489392045882076,2,0,0.357,0.5,0.5,0.699772497734611
172,37,0.0,0,1,0.357,0.5,0.5,0.699772497734611
172,38,1.49813288379206,2,0,0.357,0.5,0.5,0.699772497734611
172,39,0.5383100927334572,1,0,0.357,0.5,0.5,0.699772497734611
172,40,0.15160673733893304,1,0,0.357,0.5,0.5,0.699772497734611
172,41,2.0789041276624776,2,0,0.357,0.5,0.5,0.699772497734611
172,42,0.0,0,1,0.357,0.5,0.5,0.699772497734611
172,43,0.0,0,1,0.357,0.5,0.5,0.699772497734611
172,44,0.0,0,1,0.357,0.5,0.5,0.699772497734611
172,45,0.0,0,1,0.357,0.5,0.5,0.699772497734611
172,46,0.8852958563371887,1,0,0.357,0.5,0.5,0.699772497734611
172,47,0.0007710299834763561,1,0,0.357,0.5,0.5,0.699772497734611
172,48,0.0,0,1,0.357,0.5,0.5,0.699772497734611
172,49,0.0,0,1,0.357,0.5,0.5,0.699772497734611
173,0,0.0,0,1,0.357,0.5,0.5,0.699772497734611
173,1,0.0,0,1,0.357,0.5,0.5,0.699772497734611
173,2,0.0,0,1,0.357,0.5,0.5,0.699772497734611
173,3,0.0,0,1,0.357,0.5,0.5,0.699772497734611
173,4,0.0,0,1,0.357,0.5,0.5,0.699772497734611
173,5,0.0,0,1,0.357,0.5,0.5,0.699772497734611
173,6,0.1523305808433054,1,0,0.357,0.5,0.5,0.699772497734611
173,7,0.0,0,1,0.357,0.5,0.5,0.699772497734611
173,8,0.0,0,1,0.357,0.5,0.5,0.699772497734611
173,9,0.0,0,1,0.357,0.5,0.5,0.699772497734611
173,10,0.3355404643002963,1,0,0.357,0.5,0.5,0.699772497734611
173,11,2.759930647008211,2,0,0.357,0.5,0.5,0.699772497734611
173,12,0.0,0,1,0.357,0.5,0.5,0.699772497734611
173,13,0.0,0,1,0.357,0.5,0.5,0.699772497734611
173,14,1.663766302415604,2,0,0.357,0.5,0.5,0.699772497734611
173,15,0.23516985392497558,1,0,0.357,0.5,0.5,0.699772497734611
173,16,0.0,0,1,0.357,0.5,0.5,0.699772497734611
173,17,0.0,0,1,0.357,0.5,0.5,0.699772497734611
173,18,0.0,0,1,0.357,0.5,0.5,0.699772497734611
173,19,0.0,0,1,0.357,0.5,0.5,0.699772497734611
173,20,0.0,0,1,0.357,0.5,0.5,0.699772497734611
173,21,1.5385721620400508,1,0,0.357,0.5,0.5,0.699772497734611
173,22,0.0,0,1,0.357,0.5,0.5,0.699772497734611
173,23,0.0,0,1,0.357,0.5,0.5,0.699772497734611
173,24,0.09897465203851714,1,0,0.357,0.5,0.5,0.699772497734611
173,25,0.0,0,1,0.357,0.5,0.5,0.699772497734611
173,26,0.07640635496608791,1,0,0.357,0.5,0.5,0.699772497734611
173,27,0.0,0,1,0.357,0.5,0.5,0.699772497734611
173,28,0.0,0,1,0.357,0.5,0.5,0.699772497734611
173,29,0.10654515583133815,1,0,0.357,0.5,0.5,0.699772497734611
173,30,3.8515119720608215,1,0,0.357,0.5,0.5,0.699772497734611
173,31,2.257499014624678,2,0,0.357,0.5,0.5,0.699772497734611
173,32,1.4003601282526027e-05,1,0,0.357,0.5,0.5,0.699772497734611
173,33,0.0,0,1,0.357,0.5,0.5,0.699772497734611
173,34,0.0,0,1,0.357,0.5,0.5,0.699772497734611
173,35,0.2994985138494917,1,0,0.357,0.5,0.5,0.699772497734611
173,36,0.0,0,1,0.357,0.5,0.5,0.699772497734611
173,37,0.0,0,1,0.357,0.5,0.5,0.699772497734611
173,38,0.0,0,1,0.357,0.5,0.5,0.699772497734611
173,39,0.028798717888708948,1,0,0.357,0.5,0.5,0.699772497734611
173,40,0.4235162575609341,1,0,0.357,0.5,0.5,0.699772497734611
173,41,2.3225827297008728,1,0,0.357,0.5,0.5,0.699772497734611
173,42,0.0,0,1,0.357,0.5,0.5,0.699772497734611
173,43,0.0,0,1,0.357,0.5,0.5,0.699772497734611
173,44,0.0,0,1,0.357,0.5,0.5,0.699772497734611
173,45,1.6071068458979243,1,0,0.357,0.5,0.5,0.699772497734611
173,46,0.40169403943239534,1,0,0.357,0.5,0.5,0.699772497734611
173,47,0.0,0,1,0.357,0.5,0.5,0.699772497734611
173,48,0.0,0,1,0.357,0.5,0.5,0.699772497734611
173,49,0.0,0,1,0.357,0.5,0.5,0.699772497734611
174,0,0.0,0,1,0.357,0.5,0.5,0.699772497734611
174,1,0.0,0,1,0.357,0.5,0.5,0.699772497734611
174,2,0.0,0,1,0.357,0.5,0.5,0.699772497734611
174,3,0.0,0,1,0.357,0.5,0.5,0.699772497734611
174,4,0.0,0,1,0.357,0.5,0.5,0.699772497734611
174,5,0.0,0,1,0.357,0.5,0.5,0.699772497734611
174,6,0.0,0,1,0.357,0.5,0.5,0.699772497734611
174,7,0.0,0,1,0.357,0.5,0.5,0.699772497734611
174,8,0.0,0,1,0.357,0.5,0.5,0.699772497734611
174,9,0.210403392282992,1,0,0.357,0.5,0.5,0.699772497734611
174,10,0.0,0,1,0.357,0.5,0.5,0.699772497734611
174,11,0.0,0,1,0.357,0.5,0.5,0.699772497734611
174,12,0.0,0,1,0.357,0.5,0.5,0.699772497734611
174,13,0.0,0,1,0.357,0.5,0.5,0.699772497734611
174,14,0.0,0,1,0.357,0.5,0.5,0.699772497734611
174,15,0.0,0,1,0.357,0.5,0.5,0.699772497734611
174,16,0.0,0,1,0.357,0.5,0.5,0.699772497734611
174,17,0.0,0,1,0.357,0.5,0.5,0.699772497734611
174,18,0.0,0,1,0.357,0.5,0.5,0.699772497734611
174,19,0.0,0,1,0.357,0.5,0.5,0.699772497734611
174,20,0.017962288956016582,1,0,0.357,0.5,0.5,0.699772497734611
174,21,0.0,0,1,0.357,0.5,0.5,0.699772497734611
174,22,0.0,0,1,0.357,0.5,0.5,0.699772497734611
174,23,0.10711859002556048,1,0,0.357,0.5,0.5,0.699772497734611
174,24,0.0,0,1,0.357,0.5,0.5,0.699772497734611
174,25,0.020036504009458375,1,0,0.357,0.5,0.5,0.699772497734611
174,26,0.0,0,1,0.357,0.5,0.5,0.699772497734611
174,27,0.0,0,1,0.357,0.5,0.5,0.699772497734611
174,28,0.3208050147316393,1,0,0.357,0.5,0.5,0.699772497734611
174,29,0.0,0,1,0.357,0.5,0.5,0.699772497734611
174,30,0.051472493835915414,1,0,0.357,0.5,0.5,0.699772497734611
174,31,0.0,0,1,0.357,0.5,0.5,0.699772497734611
174,32,0.0,0,1,0.357,0.5,0.5,0.699772497734611
174,33,0.0,0,1,0.357,0.5,0.5,0.699772497734611
174,34,1.5464486008291405,1,0,0.357,0.5,0.5,0.699772497734611
174,35,0.0,0,1,0.357,0.5,0.5,0.699772497734611
174,36,0.0,0,1,0.357,0.5,0.5,0.699772497734611
174,37,0.087718508922447,1,0,0.357,0.5,0.5,0.699772497734611
174,38,0.0,0,1,0.357,0.5,0.5,0.699772497734611
174,39,0.0,0,1,0.357,0.5,0.5,0.699772497734611
174,40,0.0,0,1,0.357,0.5,0.5,0.699772497734611
174,41,0.0,0,1,0.357,0.5,0.5,0.699772497734611
174,42,0.0,0,1,0.357,0.5,0.5,0.699772497734611
174,43,4.850797392592741,1,0,0.357,0.5,0.5,0.699772497734611
174,44,0.0,0,1,0.357,0.5,0.5,0.699772497734611
174,45,0.0,0,1,0.357,0.5,0.5,0.699772497734611
174,46,0.0,0,1,0.357,0.5,0.5,0.699772497734611
174,47,0.0,0,1,0.357,0.5,0.5,0.699772497734611
174,48,0.0,0,1,0.357,0.5,0.5,0.699772497734611
174,49,0.3044190492282687,1,0,0.357,0.5,0.5,0.699772497734611
175,0,0.0,0,1,0.357,0.5,0.5,0.699772497734611
175,1,0.0036650267522461786,1,0,0.357,0.5,0.5,0.699772497734611
175,2,0.0018710472430174332,1,0,0.357,0.5,0.5,0.699772497734611
175,3,0.0,0,1,0.357,0.5,0.5,0.699772497734611
175,4,0.0,0,1,0.357,0.5,0.5,0.699772497734611
175,5,0.0,0,1,0.357,0.5,0.5,0.699772497734611
175,6,0.0,0,1,0.357,0.5,0.5,0.699772497734611
175,7,0.0,0,1,0.357,0.5,0.5,0.699772497734611
175,8,1.8806945330160811,1,0,0.357,0.5,0.5,0.699772497734611
175,9,0.0,0,1,0.357,0.5,0.5,0.699772497734611
175,10,0.0,0,1,0.357,0.5,0.5,0.699772497734611
175,11,0.0,0,1,0.357,0.5,0.5,0.699772497734611
175,12,0.6296192014296578,1,0,0.357,0.5,0.5,0.699772497734611
175,13,0.0,0,1,0.357,0.5,0.5,0.699772497734611
175,14,0.479200566082166,1,0,0.357,0.5,0.5,0.699772497734611
175,15,1.475063693338006,1,0,0.357,0.5,0.5,0.699772497734611
175,16,0.556897522132724,1,0,0.357,0.5,0.5,0.699772497734611
175,17,0.0,0,1,0.357,0.5,0.5,0.699772497734611
175,18,0.0,0,1,0.357,0.5,0.5,0.699772497734611
175,19,0.0,0,1,0.357,0.5,0.5,0.699772497734611
175,20,1.385588192823191,1,0,0.357,0.5,0.5,0.699772497734611
175,21,0.0,0,1,0.357,0.5,0.5,0.699772497734611
175,22,0.0,0,1,0.357,0.5,0.5,0.699772497734611
175,23,0.15193496255859223,1,0,0.357,0.5,0.5,0.699772497734611
175,24,0.0,0,1,0.357,0.5,0.5,0.699772497734611
175,25,0.0,0,1,0.357,0.5,0.5,0.699772497734611
175,26,0.0,0,1,0.357,0.5,0.5,0.699772497734611
175,27,0.0,0,1,0.357,0.5,0.5,0.699772497734611
175,28,0.0,0,1,0.357,0.5,0.5,0.699772497734611
175,29,0.0,0,1,0.357,0.5,0.5,0.699772497734611
175,30,0.0,0,1,0.357,0.5,0.5,0.699772497734611
175,31,0.0,0,1,0.357,0.5,0.5,0.699772497734611
175,32,0.0,0,1,0.357,0.5,0.5,0.699772497734611
175,33,0.2858583692110984,1,0,0.357,0.5,0.5,0.699772497734611
175,34,0.0,0,1,0.357,0.5,0.5,0.699772497734611
175,35,0.0,0,1,0.357,0.5,0.5,0.699772497734611
175,36,0.0,0,1,0.357,0.5,0.5,0.699772497734611
175,37,0.0,0,1,0.357,0.5,0.5,0.699772497734611
175,38,0.0,0,1,0.357,0.5,0.5,0.699772497734611
175,39,0.21723943212182764,1,0,0.357,0.5,0.5,0.699772497734611
175,40,0.0,0,1,0.357,0.5,0.5,0.699772497734611
175,41,0.22074926564878505,1,0,0.357,0.5,0.5,0.699772497734611
175,42,0.0,0,1,0.357,0.5,0.5,0.699772497734611
175,43,1.5658328398686565,1,0,0.357,0.5,0.5,0.699772497734611
175,44,0.09537741832833567,1,0,0.357,0.5,0.5,0.699772497734611
175,45,0.0,0,1,0.357,0.5,0.5,0.699772497734611
175,46,0.25832274467817035,1,0,0.357,0.5,0.5,0.699772497734611
175,47,0.0,0,1,0.357,0.5,0.5,0.699772497734611
175,48,0.0,0,1,0.357,0.5,0.5,0.699772497734611
175,49,2.0823114668312197,1,0,0.357,0.5,0.5,0.699772497734611
176,0,0.0,0,1,0.357,0.5,0.5,0.699772497734611
176,1,0.0,0,1,0.357,0.5,0.5,0.699772497734611
176,2,5.966657271425267,1,0,0.357,0.5,0.5,0.699772497734611
176,3,0.0,0,1,0.357,0.5,0.5,0.699772497734611
176,4,0.0,0,1,0.357,0.5,0.5,0.699772497734611
176,5,1.0568593276653064,1,0,0.357,0.5,0.5,0.699772497734611
176,6,1.837383575631437,1,0,0.357,0.5,0.5,0.699772497734611
176,7,0.1071572682716009,1,0,0.357,0.5,0.5,0.699772497734611
176,8,0.0,0,1,0.357,0.5,0.5,0.699772497734611
176,9,0.46418850377683024,2,0,0.357,0.5,0.5,0.699772497734611
176,10,2.9120537510615634,1,0,0.357,0.5,0.5,0.699772497734611
176,11,0.0,0,1,0.357,0.5,0.5,0.699772497734611
176,12,0.0,0,1,0.357,0.5,0.5,0.699772497734611
176,13,0.29921542755094654,1,0,0.357,0.5,0.5,0.699772497734611
176,14,0.0,0,1,0.357,0.5,0.5,0.699772497734611
176,15,0.0,0,1,0.357,0.5,0.5,0.699772497734611
176,16,0.0,0,1,0.357,0.5,0.5,0.699772497734611
176,17,1.6814117969414186,2,0,0.357,0.5,0.5,0.699772497734611
176,18,0.0,0,1,0.357,0.5,0.5,0.699772497734611
176,19,0.0,0,1,0.357,0.5,0.5,0.699772497734611
176,20,0.0,0,1,0.357,0.5,0.5,0.699772497734611
176,21,0.0,0,1,0.357,0.5,0.5,0.699772497734611
176,22,1.7547845114124072,2,0,0.357,0.5,0.5,0.699772497734611
176,23,0.0,0,1,0.357,0.5,0.5,0.699772497734611
176,24,7.225800126952719,1,0,0.357,0.5,0.5,0.699772497734611
176,25,0.13348246746916495,1,0,0.357,0.5,0.5,0.699772497734611
176,26,0.0,0,1,0.357,0.5,0.5,0.699772497734611
176,27,0.0,0,1,0.357,0.5,0.5,0.699772497734611
176,28,0.0,0,1,0.357,0.5,0.5,0.699772497734611
176,29,0.0,0,1,0.357,0.5,0.5,0.699772497734611
176,30,0.0,0,1,0.357,0.5,0.5,0.699772497734611
176,31,0.16336761778243142,1,0,0.357,0.5,0.5,0.699772497734611
176,32,0.0,0,1,0.357,0.5,0.5,0.699772497734611
176,33,0.0,0,1,0.357,0.5,0.5,0.699772497734611
176,34,1.0507752422514667,1,0,0.357,0.5,0.5,0.699772497734611
176,35,0.17856586705584462,1,0,0.357,0.5,0.5,0.699772497734611
176,36,0.26281827209995773,1,0,0.357,0.5,0.5,0.699772497734611
176,37,0.0,0,1,0.357,0.5,0.5,0.699772497734611
176,38,0.0035147754743696264,1,0,0.357,0.5,0.5,0.699772497734611
176,39,0.0,0,1,0.357,0.5,0.5,0.699772497734611
176,40,0.35901760043910147,1,0,0.357,0.5,0.5,0.699772497734611
176,41,0.08799764103600338,1,0,0.357,0.5,0.5,0.699772497734611
176,42,0.0,0,1,0.357,0.5,0.5,0.699772497734611
176,43,6.155645600781037,2,0,0.357,0.5,0.5,0.699772497734611
176,44,0.0,0,1,0.357,0.5,0.5,0.699772497734611
176,45,0.0,0,1,0.357,0.5,0.5,0.699772497734611
176,46,0.0,0,1,0.357,0.5,0.5,0.699772497734611
176,47,0.0,0,1,0.357,0.5,0.5,0.699772497734611
176,48,0.08582239742950874,1,0,0.357,0.5,0.5,0.699772497734611
176,49,0.007321392443813623,1,0,0.357,0.5,0.5,0.699772497734611
177,0,0.0,0,1,0.357,0.5,0.5,0.699772497734611
177,1,0.0,0,1,0.357,0.5,0.5,0.699772497734611
177,2,0.0,0,1,0.357,0.5,0.5,0.699772497734611
177,3,0.0,0,1,0.357,0.5,0.5,0.699772497734611
177,4,0.0,0,1,0.357,0.5,0.5,0.699772497734611
177,5,0.0,0,1,0.357,0.5,0.5,0.699772497734611
177,6,0.0,0,1,0.357,0.5,0.5,0.699772497734611
177,7,0.0,0,1,0.357,0.5,0.5,0.699772497734611
177,8,0.7660073740258576,1,0,0.357,0.5,0.5,0.699772497734611
177,9,0.0,0,1,0.357,0.5,0.5,0.699772497734611
177,10,0.0,0,1,0.357,0.5,0.5,0.699772497734611
177,11,0.0,0,1,0.357,0.5,0.5,0.699772497734611
177,12,0.017841083373873287,1,0,0.357,0.5,0.5,0.699772497734611
177,13,0.11729855482530645,1,0,0.357,0.5,0.5,0.699772497734611
177,14,0.0,0,1,0.357,0.5,0.5,0.699772497734611
177,15,0.0,0,1,0.357,0.5,0.5,0.699772497734611
177,16,0.0,0,1,0.357,0.5,0.5,0.699772497734611
177,17,0.0,0,1,0.357,0.5,0.5,0.699772497734611
177,18,0.0,0,1,0.357,0.5,0.5,0.699772497734611
177,19,0.0,0,1,0.357,0.5,0.5,0.699772497734611
177,20,0.0,0,1,0.357,0.5,0.5,0.699772497734611
177,21,0.0,0,1,0.357,0.5,0.5,0.699772497734611
177,22,0.0,0,1,0.357,0.5,0.5,0.699772497734611
177,23,0.0,0,1,0.357,0.5,0.5,0.699772497734611
177,24,0.014550656406472112,1,0,0.357,0.5,0.5,0.699772497734611
177,25,1.0814625976927865,1,0,0.357,0.5,0.5,0.699772497734611
177,26,0.33356477084052405,1,0,0.357,0.5,0.5,0.699772497734611
177,27,0.0,0,1,0.357,0.5,0.5,0.699772497734611
177,28,0.14853425488572436,2,0,0.357,0.5,0.5,0.699772497734611
177,29,0.0,0,1,0.357,0.5,0.5,0.699772497734611
177,30,0.1126485329258584,1,0,0.357,0.5,0.5,0.699772497734611
177,31,0.8339732022887931,2,0,0.357,0.5,0.5,0.699772497734611
177,32,0.0,0,1,0.357,0.5,0.5,0.699772497734611
177,33,0.0,0,1,0.357,0.5,0.5,0.699772497734611
177,34,0.0,0,1,0.357,0.5,0.5,0.699772497734611
177,35,0.0,0,1,0.357,0.5,0.5,0.699772497734611
177,36,0.4024594938337295,1,0,0.357,0.5,0.5,0.699772497734611
177,37,0.03291752072636212,1,0,0.357,0.5,0.5,0.699772497734611
177,38,0.0,0,1,0.357,0.5,0.5,0.699772497734611
177,39,0.04758444441730347,1,0,0.357,0.5,0.5,0.699772497734611
177,40,2.520711363449082,1,0,0.357,0.5,0.5,0.699772497734611
177,41,0.0,0,1,0.357,0.5,0.5,0.699772497734611
177,42,0.0,0,1,0.357,0.5,0.5,0.699772497734611
177,43,0.0,0,1,0.357,0.5,0.5,0.699772497734611
177,44,0.0,0,1,0.357,0.5,0.5,0.699772497734611
177,45,0.03188193845469854,1,0,0.357,0.5,0.5,0.699772497734611
177,46,0.0,0,1,0.357,0.5,0.5,0.699772497734611
177,47,0.0,0,1,0.357,0.5,0.5,0.699772497734611
177,48,0.0,0,1,0.357,0.5,0.5,0.699772497734611
177,49,0.0,0,1,0.357,0.5,0.5,0.699772497734611
178,0,0.0,0,1,0.357,0.5,0.5,0.699772497734611
178,1,0.9658718955485922,1,0,0.357,0.5,0.5,0.699772497734611
178,2,0.0,0,1,0.357,0.5,0.5,0.699772497734611
178,3,0.0,0,1,0.357,0.5,0.5,0.699772497734611
178,4,0.0,0,1,0.357,0.5,0.5,0.699772497734611
178,5,0.0,0,1,0.357,0.5,0.5,0.699772497734611
178,6,0.0,0,1,0.357,0.5,0.5,0.699772497734611
178,7,0.0,0,1,0.357,0.5,0.5,0.699772497734611
178,8,0.0,0,1,0.357,0.5,0.5,0.699772497734611
178,9,0.0,0,1,0.357,0.5,0.5,0.699772497734611
178,10,5.957133542652597,1,0,0.357,0.5,0.5,0.699772497734611
178,11,0.0,0,1,0.357,0.5,0.5,0.699772497734611
178,12,0.0,0,1,0.357,0.5,0.5,0.699772497734611
178,13,0.0,0,1,0.357,0.5,0.5,0.699772497734611
178,14,0.0,0,1,0.357,0.5,0.5,0.699772497734611
178,15,0.0,0,1,0.357,0.5,0.5,0.699772497734611
178,16,0.0,0,1,0.357,0.5,0.5,0.699772497734611
178,17,0.0,0,1,0.357,0.5,0.5,0.699772497734611
178,18,0.0,0,1,0.357,0.5,0.5,0.699772497734611
178,19,0.16586696187336644,1,0,0.357,0.5,0.5,0.699772497734611
178,20,2.595094036407663,1,0,0.357,0.5,0.5,0.699772497734611
178,21,0.4150559051504284,1,0,0.357,0.5,0.5,0.699772497734611
178,22,0.0,0,1,0.357,0.5,0.5,0.699772497734611
178,23,2.979707713966862,3,0,0.357,0.5,0.5,0.699772497734611
178,24,0.022091788199611568,1,0,0.357,0.5,0.5,0.699772497734611
178,25,0.09651145141196282,2,0,0.357,0.5,0.5,0.699772497734611
178,26,0.0,0,1,0.357,0.5,0.5,0.699772497734611
178,27,0.7986489684328862,1,0,0.357,0.5,0.5,0.699772497734611
178,28,0.0,0,1,0.357,0.5,0.5,0.699772497734611
178,29,0.9864799642295965,1,0,0.357,0.5,0.5,0.699772497734611
178,30,0.5605359063434688,1,0,0.357,0.5,0.5,0.699772497734611
178,31,0.0,0,1,0.357,0.5,0.5,0.699772497734611
178,32,1.0911287144995236,1,0,0.357,0.5,0.5,0.699772497734611
178,33,0.0,0,1,0.357,0.5,0.5,0.699772497734611
178,34,0.07545790599847238,1,0,0.357,0.5,0.5,0.699772497734611
178,35,3.746614054765323,1,0,0.357,0.5,0.5,0.699772497734611
178,36,4.053829952791104,1,0,0.357,0.5,0.5,0.699772497734611
178,37,0.0,0,1,0.357,0.5,0.5,0.699772497734611
178,38,4.212977670285589,1,0,0.357,0.5,0.5,0.699772497734611
178,39,0.0,0,1,0.357,0.5,0.5,0.699772497734611
178,40,0.0,0,1,0.357,0.5,0.5,0.699772497734611
178,41,0.0,0,1,0.357,0.5,0.5,0.699772497734611
178,42,0.0,0,1,0.357,0.5,0.5,0.699772497734611
178,43,0.0,0,1,0.357,0.5,0.5,0.699772497734611
178,44,1.4286145762733584,1,0,0.357,0.5,0.5,0.699772497734611
178,45,1.889899007383306,1,0,0.357,0.5,0.5,0.699772497734611
178,46,0.0,0,1,0.357,0.5,0.5,0.699772497734611
178,47,0.2127703242820364,1,0,0.357,0.5,0.5,0.699772497734611
178,48,0.0,0,1,0.357,0.5,0.5,0.699772497734611
178,49,0.0,0,1,0.357,0.5,0.5,0.699772497734611
179,0,0.0,0,1,0.357,0.5,0.5,0.699772497734611
179,1,0.0,0,1,0.357,0.5,0.5,0.699772497734611
179,2,0.0,0,1,0.357,0.5,0.5,0.699772497734611
179,3,0.0,0,1,0.357,0.5,0.5,0.699772497734611
179,4,0.0,0,1,0.357,0.5,0.5,0.699772497734611
179,5,0.0,0,1,0.357,0.5,0.5,0.699772497734611
179,6,1.8884847726235046,2,0,0.357,0.5,0.5,0.699772497734611
179,7,0.0,0,1,0.357,0.5,0.5,0.699772497734611
179,8,0.014468835177797665,1,0,0.357,0.5,0.5,0.699772497734611
179,9,0.1780962122996877,1,0,0.357,0.5,0.5,0.699772497734611
179,10,0.11252776954142879,1,0,0.357,0.5,0.5,0.699772497734611
179,11,0.0,0,1,0.357,0.5,0.5,0.699772497734611
179,12,0.0,0,1,0.357,0.5,0.5,0.699772497734611
179,13,0.0,0,1,0.357,0.5,0.5,0.699772497734611
179,14,0.0,0,1,0.357,0.5,0.5,0.699772497734611
179,15,0.1671063862491265,1,0,0.357,0.5,0.5,0.699772497734611
179,16,0.0,0,1,0.357,0.5,0.5,0.699772497734611
179,17,0.0,0,1,0.357,0.5,0.5,0.699772497734611
179,18,0.01246202643386387,1,0,0.357,0.5,0.5,0.699772497734611
179,19,0.0,0,1,0.357,0.5,0.5,0.699772497734611
179,20,0.0,0,1,0.357,0.5,0.5,0.699772497734611
179,21,0.0,0,1,0.357,0.5,0.5,0.699772497734611
179,22,0.0,0,1,0.357,0.5,0.5,0.699772497734611
179,23,0.0,0,1,0.357,0.5,0.5,0.699772497734611
179,24,2.6376616897995913,2,0,0.357,0.5,0.5,0.699772497734611
179,25,0.0,0,1,0.357,0.5,0.5,0.699772497734611
179,26,0.0,0,1,0.357,0.5,0.5,0.699772497734611
179,27,0.0,0,1,0.357,0.5,0.5,0.699772497734611
179,28,0.889574522453867,1,0,0.357,0.5,0.5,0.699772497734611
179,29,3.074751335483163,2,0,0.357,0.5,0.5,0.699772497734611
179,30,0.0,0,1,0.357,0.5,0.5,0.699772497734611
179,31,0.09319137557771423,1,0,0.357,0.5,0.5,0.699772497734611
179,32,0.0,0,1,0.357,0.5,0.5,0.699772497734611
179,33,7.938701614249415,2,0,0.357,0.5,0.5,0.699772497734611
179,34,0.05179609028119954,1,0,0.357,0.5,0.5,0.699772497734611
179,35,0.0,0,1,0.357,0.5,0.5,0.699772497734611
179,36,0.0,0,1,0.357,0.5,0.5,0.699772497734611
179,37,0.07719753410551,1,0,0.357,0.5,0.5,0.699772497734611
179,38,2.8946051308485883,2,0,0.357,0.5,0.5,0.699772497734611
179,39,0.0,0,1,0.357,0.5,0.5,0.699772497734611
179,40,0.0,0,1,0.357,0.5,0.5,0.699772497734611
179,41,0.34517165137008166,2,0,0.357,0.5,0.5,0.699772497734611
179,42,1.306743689422027,2,0,0.357,0.5,0.5,0.699772497734611
179,43,0.0,0,1,0.357,0.5,0.5,0.699772497734611
179,44,0.0,0,1,0.357,0.5,0.5,0.699772497734611
179,45,0.0,0,1,0.357,0.5,0.5,0.699772497734611
179,46,0.0,0,1,0.357,0.5,0.5,0.699772497734611
179,47,3.471917148581424,1,0,0.357,0.5,0.5,0.699772497734611
179,48,0.0,0,1,0.357,0.5,0.5,0.699772497734611
179,49,0.0,0,1,0.357,0.5,0.5,0.699772497734611
180,0,0.0,0,1,0.357,0.5,0.5,0.699772497734611
180,1,1.7120106248740292,1,0,0.357,0.5,0.5,0.699772497734611
180,2,0.0,0,1,0.357,0.5,0.5,0.699772497734611
180,3,0.0,0,1,0.357,0.5,0.5,0.699772497734611
180,4,0.0,0,1,0.357,0.5,0.5,0.699772497734611
180,5,0.0,0,1,0.357,0.5,0.5,0.699772497734611
180,6,0.022146910242625203,1,0,0.357,0.5,0.5,0.699772497734611
180,7,0.5045877215585708,2,0,0.357,0.5,0.5,0.699772497734611
180,8,1.9797949347800667,1,0,0.357,0.5,0.5,0.699772497734611
180,9,3.7427522994104625,1,0,0.357,0.5,0.5,0.699772497734611
180,10,0.0,0,1,0.357,0.5,0.5,0.699772497734611
180,11,0.8509997013997248,1,0,0.357,0.5,0.5,0.699772497734611
180,12,1.0883036833554145,1,0,0.357,0.5,0.5,0.699772497734611
180,13,0.0,0,1,0.357,0.5,0.5,0.699772497734611
180,14,1.0486191975396113,1,0,0.357,0.5,0.5,0.699772497734611
180,15,0.0,0,1,0.357,0.5,0.5,0.699772497734611
180,16,0.0,0,1,0.357,0.5,0.5,0.699772497734611
180,17,0.0,0,1,0.357,0.5,0.5,0.699772497734611
180,18,0.0,0,1,0.357,0.5,0.5,0.699772497734611
180,19,0.29214381046070703,1,0,0.357,0.5,0.5,0.699772497734611
180,20,0.0,0,1,0.357,0.5,0.5,0.699772497734611
180,21,0.8647319860901727,1,0,0.357,0.5,0.5,0.699772497734611
180,22,0.0,0,1,0.357,0.5,0.5,0.699772497734611
180,23,0.0,0,1,0.357,0.5,0.5,0.699772497734611
180,24,6.760158498898498,1,0,0.357,0.5,0.5,0.699772497734611
180,25,0.0,0,1,0.357,0.5,0.5,0.699772497734611
180,26,0.0,0,1,0.357,0.5,0.5,0.699772497734611
180,27,0.6757566981542532,2,0,0.357,0.5,0.5,0.699772497734611
180,28,0.0577583548109315,1,0,0.357,0.5,0.5,0.699772497734611
180,29,0.0,0,1,0.357,0.5,0.5,0.699772497734611
180,30,0.0,0,1,0.357,0.5,0.5,0.699772497734611
180,31,0.0,0,1,0.357,0.5,0.5,0.699772497734611
180,32,0.0,0,1,0.357,0.5,0.5,0.699772497734611
180,33,7.48990328453098,1,0,0.357,0.5,0.5,0.699772497734611
180,34,0.7526642228162226,1,0,0.357,0.5,0.5,0.699772497734611
180,35,0.0,0,1,0.357,0.5,0.5,0.699772497734611
180,36,0.10538403059118981,1,0,0.357,0.5,0.5,0.699772497734611
180,37,0.0,0,1,0.357,0.5,0.5,0.699772497734611
180,38,2.467045547995211,2,0,0.357,0.5,0.5,0.699772497734611
180,39,0.0,0,1,0.357,0.5,0.5,0.699772497734611
180,40,0.0,0,1,0.357,0.5,0.5,0.699772497734611
180,41,0.0,0,1,0.357,0.5,0.5,0.699772497734611
180,42,0.0,0,1,0.357,0.5,0.5,0.699772497734611
180,43,0.0,0,1,0.357,0.5,0.5,0.699772497734611
180,44,0.0,0,1,0.357,0.5,0.5,0.699772497734611
180,45,0.0,0,1,0.357,0.5,0.5,0.699772497734611
180,46,0.06587559657054043,2,0,0.357,0.5,0.5,0.699772497734611
180,47,0.01938965301745977,1,0,0.357,0.5,0.5,0.699772497734611
180,48,0.34369536877543694,1,0,0.357,0.5,0.5,0.699772497734611
180,49,0.0,0,1,0.357,0.5,0.5,0.699772497734611
181,0,0.0,0,1,0.357,0.5,0.5,0.699772497734611
181,1,0.0,0,1,0.357,0.5,0.5,0.699772497734611
181,2,0.0,0,1,0.357,0.5,0.5,0.699772497734611
181,3,0.0,0,1,0.357,0.5,0.5,0.699772497734611
181,4,2.445887843701063,2,0,0.357,0.5,0.5,0.699772497734611
181,5,0.0,0,1,0.357,0.5,0.5,0.699772497734611
181,6,0.0,0,1,0.357,0.5,0.5,0.699772497734611
181,7,0.0,0,1,0.357,0.5,0.5,0.699772497734611
181,8,2.1666194585616863,1,0,0.357,0.5,0.5,0.699772497734611
181,9,0.0,0,1,0.357,0.5,0.5,0.699772497734611
181,10,0.0,0,1,0.357,0.5,0.5,0.699772497734611
181,11,0.0,0,1,0.357,0.5,0.5,0.699772497734611
181,12,0.0,0,1,0.357,0.5,0.5,0.699772497734611
181,13,0.0,0,1,0.357,0.5,0.5,0.699772497734611
181,14,0.245263882874637,1,0,0.357,0.5,0.5,0.699772497734611
181,15,0.0,0,1,0.357,0.5,0.5,0.699772497734611
181,16,0.0,0,1,0.357,0.5,0.5,0.699772497734611
181,17,0.0,0,1,0.357,0.5,0.5,0.699772497734611
181,18,0.5837529010178822,1,0,0.357,0.5,0.5,0.699772497734611
181,19,0.2218234961468252,1,0,0.357,0.5,0.5,0.699772497734611
181,20,0.0,0,1,0.357,0.5,0.5,0.699772497734611
181,21,0.0,0,1,0.357,0.5,0.5,0.699772497734611
181,22,0.0,0,1,0.357,0.5,0.5,0.699772497734611
181,23,0.6668663433995253,1,0,0.357,0.5,0.5,0.699772497734611
181,24,0.0,0,1,0.357,0.5,0.5,0.699772497734611
181,25,0.0,0,1,0.357,0.5,0.5,0.699772497734611
181,26,0.10410005956987803,1,0,0.357,0.5,0.5,0.699772497734611
181,27,4.466474322538053,2,0,0.357,0.5,0.5,0.699772497734611
181,28,0.005806216206535957,1,0,0.357,0.5,0.5,0.699772497734611
181,29,0.0,0,1,0.357,0.5,0.5,0.699772497734611
181,30,0.19409310436984628,1,0,0.357,0.5,0.5,0.699772497734611
181,31,0.0,0,1,0.357,0.5,0.5,0.699772497734611
181,32,0.0,0,1,0.357,0.5,0.5,0.699772497734611
181,33,0.34699327189784024,1,0,0.357,0.5,0.5,0.699772497734611
181,34,1.7932147783187358,1,0,0.357,0.5,0.5,0.699772497734611
181,35,3.1883233639128425,1,0,0.357,0.5,0.5,0.699772497734611
181,36,0.0,0,1,0.357,0.5,0.5,0.699772497734611
181,37,0.0,0,1,0.357,0.5,0.5,0.699772497734611
181,38,0.0,0,1,0.357,0.5,0.5,0.699772497734611
181,39,0.12233364284985304,1,0,0.357,0.5,0.5,0.699772497734611
181,40,0.05762440470247658,1,0,0.357,0.5,0.5,0.699772497734611
181,41,0.0,0,1,0.357,0.5,0.5,0.699772497734611
181,42,0.4968015861505255,1,0,0.357,0.5,0.5,0.699772497734611
181,43,0.0,0,1,0.357,0.5,0.5,0.699772497734611
181,44,0.41664001495278896,1,0,0.357,0.5,0.5,0.699772497734611
181,45,0.0,0,1,0.357,0.5,0.5,0.699772497734611
181,46,3.249548756313936,1,0,0.357,0.5,0.5,0.699772497734611
181,47,0.0,0,1,0.357,0.5,0.5,0.699772497734611
181,48,0.0,0,1,0.357,0.5,0.5,0.699772497734611
181,49,0.0,0,1,0.357,0.5,0.5,0.699772497734611
182,0,0.0,0,1,0.357,0.5,0.5,0.699772497734611
182,1,1.544871632043852,2,0,0.357,0.5,0.5,0.699772497734611
182,2,0.0,0,1,0.357,0.5,0.5,0.699772497734611
182,3,0.0,0,1,0.357,0.5,0.5,0.699772497734611
182,4,0.2654314720051187,1,0,0.357,0.5,0.5,0.699772497734611
182,5,0.7915809833979541,1,0,0.357,0.5,0.5,0.699772497734611
182,6,0.41352333853346085,1,0,0.357,0.5,0.5,0.699772497734611
182,7,0.18615299397468524,1,0,0.357,0.5,0.5,0.699772497734611
182,8,0.0,0,1,0.357,0.5,0.5,0.699772497734611
182,9,0.0,0,1,0.357,0.5,0.5,0.699772497734611
182,10,1.8971704735233348,2,0,0.357,0.5,0.5,0.699772497734611
182,11,0.0,0,1,0.357,0.5,0.5,0.699772497734611
182,12,0.0,0,1,0.357,0.5,0.5,0.699772497734611
182,13,0.0,0,1,0.357,0.5,0.5,0.699772497734611
182,14,0.0,0,1,0.357,0.5,0.5,0.699772497734611
182,15,0.0,0,1,0.357,0.5,0.5,0.699772497734611
182,16,0.0,0,1,0.357,0.5,0.5,0.699772497734611
182,17,0.0,0,1,0.357,0.5,0.5,0.699772497734611
182,18,0.0,0,1,0.357,0.5,0.5,0.699772497734611
182,19,1.9943461646750347,2,0,0.357,0.5,0.5,0.699772497734611
182,20,0.0,0,1,0.357,0.5,0.5,0.699772497734611
182,21,0.0,0,1,0.357,0.5,0.5,0.699772497734611
182,22,0.0,0,1,0.357,0.5,0.5,0.699772497734611
182,23,0.09688751007006773,1,0,0.357,0.5,0.5,0.699772497734611
182,24,0.5787042669260013,1,0,0.357,0.5,0.5,0.699772497734611
182,25,0.0,0,1,0.357,0.5,0.5,0.699772497734611
182,26,0.0,0,1,0.357,0.5,0.5,0.699772497734611
182,27,0.0,0,1,0.357,0.5,0.5,0.699772497734611
182,28,2.2547677497320002,4,0,0.357,0.5,0.5,0.699772497734611
182,29,0.0,0,1,0.357,0.5,0.5,0.699772497734611
182,30,0.0,0,1,0.357,0.5,0.5,0.699772497734611
182,31,0.0,0,1,0.357,0.5,0.5,0.699772497734611
182,32,0.0,0,1,0.357,0.5,0.5,0.699772497734611
182,33,0.5580763639021468,1,0,0.357,0.5,0.5,0.699772497734611
182,34,0.0,0,1,0.357,0.5,0.5,0.699772497734611
182,35,4.191938457243635,2,0,0.357,0.5,0.5,0.699772497734611
182,36,0.0,0,1,0.357,0.5,0.5,0.699772497734611
182,37,0.41098289773733543,2,0,0.357,0.5,0.5,0.699772497734611
182,38,0.031059204545344908,1,0,0.357,0.5,0.5,0.699772497734611
182,39,0.022103625770828195,1,0,0.357,0.5,0.5,0.699772497734611
182,40,0.6811438760739262,1,0,0.357,0.5,0.5,0.699772497734611
182,41,0.039452796469473146,1,0,0.357,0.5,0.5,0.699772497734611
182,42,0.0,0,1,0.357,0.5,0.5,0.699772497734611
182,43,0.0,0,1,0.357,0.5,0.5,0.699772497734611
182,44,0.0,0,1,0.357,0.5,0.5,0.699772497734611
182,45,0.0,0,1,0.357,0.5,0.5,0.699772497734611
182,46,0.00579273241309327,1,0,0.357,0.5,0.5,0.699772497734611
182,47,0.0,0,1,0.357,0.5,0.5,0.699772497734611
182,48,0.0,0,1,0.357,0.5,0.5,0.699772497734611
182,49,0.0,0,1,0.357,0.5,0.5,0.699772497734611
183,0,0.0,0,1,0.357,0.5,0.5,0.699772497734611
183,1,3.403691730327539,2,0,0.357,0.5,0.5,0.699772497734611
183,2,0.0,0,1,0.357,0.5,0.5,0.699772497734611
183,3,0.0,0,1,0.357,0.5,0.5,0.699772497734611
183,4,0.0,0,1,0.357,0.5,0.5,0.699772497734611
183,5,0.0,0,1,0.357,0.5,0.5,0.699772497734611
183,6,0.0,0,1,0.357,0.5,0.5,0.699772497734611
183,7,0.0,0,1,0.357,0.5,0.5,0.699772497734611
183,8,0.0,0,1,0.357,0.5,0.5,0.699772497734611
183,9,0.0,0,1,0.357,0.5,0.5,0.699772497734611
183,10,0.0,0,1,0.357,0.5,0.5,0.699772497734611
183,11,0.0,0,1,0.357,0.5,0.5,0.699772497734611
183,12,0.22542210877657837,1,0,0.357,0.5,0.5,0.699772497734611
183,13,2.2943631883519195,1,0,0.357,0.5,0.5,0.699772497734611
183,14,0.1850746060703735,2,0,0.357,0.5,0.5,0.699772497734611
183,15,0.06923724022897465,1,0,0.357,0.5,0.5,0.699772497734611
183,16,0.0,0,1,0.357,0.5,0.5,0.699772497734611
183,17,0.0,0,1,0.357,0.5,0.5,0.699772497734611
183,18,0.0,0,1,0.357,0.5,0.5,0.699772497734611
183,19,0.0,0,1,0.357,0.5,0.5,0.699772497734611
183,20,0.06925874304382951,1,0,0.357,0.5,0.5,0.699772497734611
183,21,0.4499821901087908,1,0,0.357,0.5,0.5,0.699772497734611
183,22,0.5155035951416987,1,0,0.357,0.5,0.5,0.699772497734611
183,23,0.0,0,1,0.357,0.5,0.5,0.699772497734611
183,24,0.0,0,1,0.357,0.5,0.5,0.699772497734611
183,25,0.21116822393388562,1,0,0.357,0.5,0.5,0.699772497734611
183,26,0.13039730264599095,1,0,0.357,0.5,0.5,0.699772497734611
183,27,0.34338581706304294,1,0,0.357,0.5,0.5,0.699772497734611
183,28,0.0,0,1,0.357,0.5,0.5,0.699772497734611
183,29,0.4233638306927333,1,0,0.357,0.5,0.5,0.699772497734611
183,30,0.0,0,1,0.357,0.5,0.5,0.699772497734611
183,31,3.2465490989254517,2,0,0.357,0.5,0.5,0.699772497734611
183,32,0.0,0,1,0.357,0.5,0.5,0.699772497734611
183,33,0.0,0,1,0.357,0.5,0.5,0.699772497734611
183,34,0.8498077911233153,2,0,0.357,0.5,0.5,0.699772497734611
183,35,0.0,0,1,0.357,0.5,0.5,0.699772497734611
183,36,0.0,0,1,0.357,0.5,0.5,0.699772497734611
183,37,0.0,0,1,0.357,0.5,0.5,0.699772497734611
183,38,0.0,0,1,0.357,0.5,0.5,0.699772497734611
183,39,0.0184145576845154,1,0,0.357,0.5,0.5,0.699772497734611
183,40,0.0,0,1,0.357,0.5,0.5,0.699772497734611
183,41,1.4431834206710543,1,0,0.357,0.5,0.5,0.699772497734611
183,42,0.0,0,1,0.357,0.5,0.5,0.699772497734611
183,43,0.0,0,1,0.357,0.5,0.5,0.699772497734611
183,44,0.0,0,1,0.357,0.5,0.5,0.699772497734611
183,45,0.0047643375697833945,1,0,0.357,0.5,0.5,0.699772497734611
183,46,0.0,0,1,0.357,0.5,0.5,0.699772497734611
183,47,0.0,0,1,0.357,0.5,0.5,0.699772497734611
183,48,0.0,0,1,0.357,0.5,0.5,0.699772497734611
183,49,0.0,0,1,0.357,0.5,0.5,0.699772497734611
184,0,0.0,0,1,0.357,0.5,0.5,0.699772497734611
184,1,0.0,0,1,0.357,0.5,0.5,0.699772497734611
184,2,0.0,0,1,0.357,0.5,0.5,0.699772497734611
184,3,0.0,0,1,0.357,0.5,0.5,0.699772497734611
184,4,0.0,0,1,0.357,0.5,0.5,0.699772497734611
184,5,0.0,0,1,0.357,0.5,0.5,0.699772497734611
184,6,0.11128110566373851,1,0,0.357,0.5,0.5,0.699772497734611
184,7,0.0,0,1,0.357,0.5,0.5,0.699772497734611
184,8,0.0,0,1,0.357,0.5,0.5,0.699772497734611
184,9,0.0,0,1,0.357,0.5,0.5,0.699772497734611
184,10,0.15416259529671694,1,0,0.357,0.5,0.5,0.699772497734611
184,11,0.6424497854011487,3,0,0.357,0.5,0.5,0.699772497734611
184,12,0.0,0,1,0.357,0.5,0.5,0.699772497734611
184,13,0.0,0,1,0.357,0.5,0.5,0.699772497734611
184,14,0.0,0,1,0.357,0.5,0.5,0.699772497734611
184,15,0.0,0,1,0.357,0.5,0.5,0.699772497734611
184,16,0.05788898724576976,1,0,0.357,0.5,0.5,0.699772497734611
184,17,0.2554365590194024,1,0,0.357,0.5,0.5,0.699772497734611
184,18,0.0,0,1,0.357,0.5,0.5,0.699772497734611
184,19,1.6777678601078407,1,0,0.357,0.5,0.5,0.699772497734611
184,20,0.0,0,1,0.357,0.5,0.5,0.699772497734611
184,21,0.0,0,1,0.357,0.5,0.5,0.699772497734611
184,22,0.0,0,1,0.357,0.5,0.5,0.699772497734611
184,23,0.0,0,1,0.357,0.5,0.5,0.699772497734611
184,24,0.0,0,1,0.357,0.5,0.5,0.699772497734611
184,25,1.78790503790064,1,0,0.357,0.5,0.5,0.699772497734611
184,26,0.1903423967403782,1,0,0.357,0.5,0.5,0.699772497734611
184,27,0.022925974343767083,1,0,0.357,0.5,0.5,0.699772497734611
184,28,0.0,0,1,0.357,0.5,0.5,0.699772497734611
184,29,0.9582278133299844,1,0,0.357,0.5,0.5,0.699772497734611
184,30,0.0,0,1,0.357,0.5,0.5,0.699772497734611
184,31,0.0,0,1,0.357,0.5,0.5,0.699772497734611
184,32,0.0,0,1,0.357,0.5,0.5,0.699772497734611
184,33,0.0,0,1,0.357,0.5,0.5,0.699772497734611
184,34,0.0,0,1,0.357,0.5,0.5,0.699772497734611
184,35,0.0,0,1,0.357,0.5,0.5,0.699772497734611
184,36,0.1330110261962162,1,0,0.357,0.5,0.5,0.699772497734611
184,37,0.0,0,1,0.357,0.5,0.5,0.699772497734611
184,38,0.0,0,1,0.357,0.5,0.5,0.699772497734611
184,39,0.0,0,1,0.357,0.5,0.5,0.699772497734611
184,40,0.0,0,1,0.357,0.5,0.5,0.699772497734611
184,41,0.0,0,1,0.357,0.5,0.5,0.699772497734611
184,42,0.12269044608009223,1,0,0.357,0.5,0.5,0.699772497734611
184,43,0.0,0,1,0.357,0.5,0.5,0.699772497734611
184,44,0.0,0,1,0.357,0.5,0.5,0.699772497734611
184,45,0.0,0,1,0.357,0.5,0.5,0.699772497734611
184,46,0.01896647760604047,1,0,0.357,0.5,0.5,0.699772497734611
184,47,0.0,0,1,0.357,0.5,0.5,0.699772497734611
184,48,3.6372211665076524,3,0,0.357,0.5,0.5,0.699772497734611
184,49,0.24253106755981252,1,0,0.357,0.5,0.5,0.699772497734611
185,0,0.0,0,1,0.357,0.5,0.5,0.699772497734611
185,1,0.0,0,1,0.357,0.5,0.5,0.699772497734611
185,2,0.0,0,1,0.357,0.5,0.5,0.699772497734611
185,3,0.01694659113981493,1,0,0.357,0.5,0.5,0.699772497734611
185,4,0.0,0,1,0.357,0.5,0.5,0.699772497734611
185,5,0.0,0,1,0.357,0.5,0.5,0.699772497734611
185,6,0.0,0,1,0.357,0.5,0.5,0.699772497734611
185,7,0.0,0,1,0.357,0.5,0.5,0.699772497734611
185,8,0.0,0,1,0.357,0.5,0.5,0.699772497734611
185,9,0.0,0,1,0.357,0.5,0.5,0.699772497734611
185,10,0.0,0,1,0.357,0.5,0.5,0.699772497734611
185,11,0.0,0,1,0.357,0.5,0.5,0.699772497734611
185,12,0.0,0,1,0.357,0.5,0.5,0.699772497734611
185,13,0.0,0,1,0.357,0.5,0.5,0.699772497734611
185,14,0.0,0,1,0.357,0.5,0.5,0.699772497734611
185,15,0.0,0,1,0.357,0.5,0.5,0.699772497734611
185,16,0.0,0,1,0.357,0.5,0.5,0.699772497734611
185,17,0.019390934464396426,1,0,0.357,0.5,0.5,0.699772497734611
185,18,0.0,0,1,0.357,0.5,0.5,0.699772497734611
185,19,0.0,0,1,0.357,0.5,0.5,0.699772497734611
185,20,0.0,0,1,0.357,0.5,0.5,0.699772497734611
185,21,0.0,0,1,0.357,0.5,0.5,0.699772497734611
185,22,0.0,0,1,0.357,0.5,0.5,0.699772497734611
185,23,0.0,0,1,0.357,0.5,0.5,0.699772497734611
185,24,0.0,0,1,0.357,0.5,0.5,0.699772497734611
185,25,0.015414621462454075,1,0,0.357,0.5,0.5,0.699772497734611
185,26,0.0,0,1,0.357,0.5,0.5,0.699772497734611
185,27,0.0,0,1,0.357,0.5,0.5,0.699772497734611
185,28,0.0,0,1,0.357,0.5,0.5,0.699772497734611
185,29,0.0,0,1,0.357,0.5,0.5,0.699772497734611
185,30,0.0,0,1,0.357,0.5,0.5,0.699772497734611
185,31,0.09148302727204963,1,0,0.357,0.5,0.5,0.699772497734611
185,32,0.0,0,1,0.357,0.5,0.5,0.699772497734611
185,33,0.0,0,1,0.357,0.5,0.5,0.699772497734611
185,34,0.0,0,1,0.357,0.5,0.5,0.699772497734611
185,35,0.3499659593226735,1,0,0.357,0.5,0.5,0.699772497734611
185,36,0.0,0,1,0.357,0.5,0.5,0.699772497734611
185,37,1.546379579137446,1,0,0.357,0.5,0.5,0.699772497734611
185,38,0.0,0,1,0.357,0.5,0.5,0.699772497734611
185,39,0.5065838788291855,1,0,0.357,0.5,0.5,0.699772497734611
185,40,1.0774706409808608,1,0,0.357,0.5,0.5,0.699772497734611
185,41,0.5825025430773951,1,0,0.357,0.5,0.5,0.699772497734611
185,42,0.0,0,1,0.357,0.5,0.5,0.699772497734611
185,43,0.0,0,1,0.357,0.5,0.5,0.699772497734611
185,44,0.0054351856832772555,1,0,0.357,0.5,0.5,0.699772497734611
185,45,0.0,0,1,0.357,0.5,0.5,0.699772497734611
185,46,0.0,0,1,0.357,0.5,0.5,0.699772497734611
185,47,0.0,0,1,0.357,0.5,0.5,0.699772497734611
185,48,0.0,0,1,0.357,0.5,0.5,0.699772497734611
185,49,0.0,0,1,0.357,0.5,0.5,0.699772497734611
186,0,0.0,0,1,0.357,0.5,0.5,0.699772497734611
186,1,0.0,0,1,0.357,0.5,0.5,0.699772497734611
186,2,0.21162641466954724,1,0,0.357,0.5,0.5,0.699772497734611
186,3,0.0,0,1,0.357,0.5,0.5,0.699772497734611
186,4,2.8171431144389203,1,0,0.357,0.5,0.5,0.699772497734611
186,5,0.0,0,1,0.357,0.5,0.5,0.699772497734611
186,6,0.0,0,1,0.357,0.5,0.5,0.699772497734611
186,7,0.0,0,1,0.357,0.5,0.5,0.699772497734611
186,8,0.0,0,1,0.357,0.5,0.5,0.699772497734611
186,9,0.0,0,1,0.357,0.5,0.5,0.699772497734611
186,10,0.0,0,1,0.357,0.5,0.5,0.699772497734611
186,11,0.0,0,1,0.357,0.5,0.5,0.699772497734611
186,12,0.0,0,1,0.357,0.5,0.5,0.699772497734611
186,13,0.0,0,1,0.357,0.5,0.5,0.699772497734611
186,14,0.013572199672557128,1,0,0.357,0.5,0.5,0.699772497734611
186,15,0.9489047287803177,1,0,0.357,0.5,0.5,0.699772497734611
186,16,1.7207656253449848,1,0,0.357,0.5,0.5,0.699772497734611
186,17,0.0,0,1,0.357,0.5,0.5,0.699772497734611
186,18,0.0,0,1,0.357,0.5,0.5,0.699772497734611
186,19,0.0,0,1,0.357,0.5,0.5,0.699772497734611
186,20,1.9158594884949551,1,0,0.357,0.5,0.5,0.699772497734611
186,21,0.002230208998121822,1,0,0.357,0.5,0.5,0.699772497734611
186,22,0.0,0,1,0.357,0.5,0.5,0.699772497734611
186,23,0.0,0,1,0.357,0.5,0.5,0.699772497734611
186,24,0.0,0,1,0.357,0.5,0.5,0.699772497734611
186,25,3.436309580809332,1,0,0.357,0.5,0.5,0.699772497734611
186,26,0.0,0,1,0.357,0.5,0.5,0.699772497734611
186,27,0.0,0,1,0.357,0.5,0.5,0.699772497734611
186,28,0.0,0,1,0.357,0.5,0.5,0.699772497734611
186,29,0.0773211319476823,1,0,0.357,0.5,0.5,0.699772497734611
186,30,0.0,0,1,0.357,0.5,0.5,0.699772497734611
186,31,0.0,0,1,0.357,0.5,0.5,0.699772497734611
186,32,0.022685774915319205,1,0,0.357,0.5,0.5,0.699772497734611
186,33,0.0,0,1,0.357,0.5,0.5,0.699772497734611
186,34,0.0,0,1,0.357,0.5,0.5,0.699772497734611
186,35,0.0,0,1,0.357,0.5,0.5,0.699772497734611
186,36,0.15976742457297227,1,0,0.357,0.5,0.5,0.699772497734611
186,37,0.0,0,1,0.357,0.5,0.5,0.699772497734611
186,38,0.0,0,1,0.357,0.5,0.5,0.699772497734611
186,39,0.0,0,1,0.357,0.5,0.5,0.699772497734611
186,40,0.0,0,1,0.357,0.5,0.5,0.699772497734611
186,41,0.008426266242757094,1,0,0.357,0.5,0.5,0.699772497734611
186,42,0.0,0,1,0.357,0.5,0.5,0.699772497734611
186,43,0.0,0,1,0.357,0.5,0.5,0.699772497734611
186,44,0.11749946210561674,1,0,0.357,0.5,0.5,0.699772497734611
186,45,0.0,0,1,0.357,0.5,0.5,0.699772497734611
186,46,0.0,0,1,0.357,0.5,0.5,0.699772497734611
186,47,0.0,0,1,0.357,0.5,0.5,0.699772497734611
186,48,0.0,0,1,0.357,0.5,0.5,0.699772497734611
186,49,0.7506132335062217,2,0,0.357,0.5,0.5,0.699772497734611
187,0,0.0,0,1,0.357,0.5,0.5,0.699772497734611
187,1,0.0,0,1,0.357,0.5,0.5,0.699772497734611
187,2,0.0,0,1,0.357,0.5,0.5,0.699772497734611
187,3,0.02024226156441121,1,0,0.357,0.5,0.5,0.699772497734611
187,4,0.0,0,1,0.357,0.5,0.5,0.699772497734611
187,5,0.0,0,1,0.357,0.5,0.5,0.699772497734611
187,6,0.0,0,1,0.357,0.5,0.5,0.699772497734611
187,7,0.0,0,1,0.357,0.5,0.5,0.699772497734611
187,8,0.0,0,1,0.357,0.5,0.5,0.699772497734611
187,9,0.002187438457314516,1,0,0.357,0.5,0.5,0.699772497734611
187,10,0.37537883893372026,1,0,0.357,0.5,0.5,0.699772497734611
187,11,0.010160398638804616,1,0,0.357,0.5,0.5,0.699772497734611
187,12,0.0026516476378247882,1,0,0.357,0.5,0.5,0.699772497734611
187,13,0.0,0,1,0.357,0.5,0.5,0.699772497734611
187,14,0.0,0,1,0.357,0.5,0.5,0.699772497734611
187,15,0.0012793393707563416,1,0,0.357,0.5,0.5,0.699772497734611
187,16,0.0,0,1,0.357,0.5,0.5,0.699772497734611
187,17,0.0,0,1,0.357,0.5,0.5,0.699772497734611
187,18,1.1604021551630577,2,0,0.357,0.5,0.5,0.699772497734611
187,19,0.0,0,1,0.357,0.5,0.5,0.699772497734611
187,20,0.0,0,1,0.357,0.5,0.5,0.699772497734611
187,21,0.0,0,1,0.357,0.5,0.5,0.699772497734611
187,22,0.39678480271971034,1,0,0.357,0.5,0.5,0.699772497734611
187,23,0.0,0,1,0.357,0.5,0.5,0.699772497734611
187,24,0.0,0,1,0.357,0.5,0.5,0.699772497734611
187,25,0.0,0,1,0.357,0.5,0.5,0.699772497734611
187,26,0.0,0,1,0.357,0.5,0.5,0.699772497734611
187,27,0.0,0,1,0.357,0.5,0.5,0.699772497734611
187,28,0.0,0,1,0.357,0.5,0.5,0.699772497734611
187,29,0.06122789166725216,1,0,0.357,0.5,0.5,0.699772497734611
187,30,0.0,0,1,0.357,0.5,0.5,0.699772497734611
187,31,1.2478758230501867,1,0,0.357,0.5,0.5,0.699772497734611
187,32,3.399916217001128,1,0,0.357,0.5,0.5,0.699772497734611
187,33,0.0,0,1,0.357,0.5,0.5,0.699772497734611
187,34,0.0,0,1,0.357,0.5,0.5,0.699772497734611
187,35,0.0,0,1,0.357,0.5,0.5,0.699772497734611
187,36,0.0,0,1,0.357,0.5,0.5,0.699772497734611
187,37,1.2597713210094303,1,0,0.357,0.5,0.5,0.699772497734611
187,38,7.376777225699858e-05,1,0,0.357,0.5,0.5,0.699772497734611
187,39,0.0,0,1,0.357,0.5,0.5,0.699772497734611
187,40,0.08249493622914396,1,0,0.357,0.5,0.5,0.699772497734611
187,41,1.6996823955021367,1,0,0.357,0.5,0.5,0.699772497734611
187,42,1.611409578977065,1,0,0.357,0.5,0.5,0.699772497734611
187,43,0.0,0,1,0.357,0.5,0.5,0.699772497734611
187,44,0.0,0,1,0.357,0.5,0.5,0.699772497734611
187,45,0.1696267758888511,1,0,0.357,0.5,0.5,0.699772497734611
187,46,0.014829952133095433,1,0,0.357,0.5,0.5,0.699772497734611
187,47,0.0,0,1,0.357,0.5,0.5,0.699772497734611
187,48,0.0,0,1,0.357,0.5,0.5,0.699772497734611
187,49,0.0,0,1,0.357,0.5,0.5,0.699772497734611
188,0,0.0,0,1,0.357,0.5,0.5,0.699772497734611
188,1,0.27290810504020374,3,0,0.357,0.5,0.5,0.699772497734611
188,2,0.0,0,1,0.357,0.5,0.5,0.699772497734611
188,3,0.0,0,1,0.357,0.5,0.5,0.699772497734611
188,4,0.0,0,1,0.357,0.5,0.5,0.699772497734611
188,5,0.0,0,1,0.357,0.5,0.5,0.699772497734611
188,6,0.0,0,1,0.357,0.5,0.5,0.699772497734611
188,7,0.0,0,1,0.357,0.5,0.5,0.699772497734611
188,8,0.0,0,1,0.357,0.5,0.5,0.699772497734611
188,9,0.0,0,1,0.357,0.5,0.5,0.699772497734611
188,10,0.0,0,1,0.357,0.5,0.5,0.699772497734611
188,11,0.0,0,1,0.357,0.5,0.5,0.699772497734611
188,12,0.8085958960457847,2,0,0.357,0.5,0.5,0.699772497734611
188,13,0.0,0,1,0.357,0.5,0.5,0.699772497734611
188,14,0.0,0,1,0.357,0.5,0.5,0.699772497734611
188,15,0.0,0,1,0.357,0.5,0.5,0.699772497734611
188,16,0.0,0,1,0.357,0.5,0.5,0.699772497734611
188,17,0.0,0,1,0.357,0.5,0.5,0.699772497734611
188,18,0.0,0,1,0.357,0.5,0.5,0.699772497734611
188,19,0.0,0,1,0.357,0.5,0.5,0.699772497734611
188,20,0.0,0,1,0.357,0.5,0.5,0.699772497734611
188,21,0.0,0,1,0.357,0.5,0.5,0.699772497734611
188,22,0.0,0,1,0.357,0.5,0.5,0.699772497734611
188,23,0.0,0,1,0.357,0.5,0.5,0.699772497734611
188,24,0.0,0,1,0.357,0.5,0.5,0.699772497734611
188,25,0.0,0,1,0.357,0.5,0.5,0.699772497734611
188,26,0.0,0,1,0.357,0.5,0.5,0.699772497734611
188,27,0.0,0,1,0.357,0.5,0.5,0.699772497734611
188,28,0.0,0,1,0.357,0.5,0.5,0.699772497734611
188,29,0.0,0,1,0.357,0.5,0.5,0.699772497734611
188,30,0.0,0,1,0.357,0.5,0.5,0.699772497734611
188,31,0.0,0,1,0.357,0.5,0.5,0.699772497734611
188,32,0.0,0,1,0.357,0.5,0.5,0.699772497734611
188,33,0.0,0,1,0.357,0.5,0.5,0.699772497734611
188,34,0.0,0,1,0.357,0.5,0.5,0.699772497734611
188,35,0.0,0,1,0.357,0.5,0.5,0.699772497734611
188,36,0.0,0,1,0.357,0.5,0.5,0.699772497734611
188,37,0.0,0,1,0.357,0.5,0.5,0.699772497734611
188,38,0.0,0,1,0.357,0.5,0.5,0.699772497734611
188,39,3.2075104908388585,1,0,0.357,0.5,0.5,0.699772497734611
188,40,0.036607628941538926,1,0,0.357,0.5,0.5,0.699772497734611
188,41,0.0,0,1,0.357,0.5,0.5,0.699772497734611
188,42,0.0,0,1,0.357,0.5,0.5,0.699772497734611
188,43,2.5132573176283755,2,0,0.357,0.5,0.5,0.699772497734611
188,44,0.0,0,1,0.357,0.5,0.5,0.699772497734611
188,45,0.0,0,1,0.357,0.5,0.5,0.699772497734611
188,46,0.0,0,1,0.357,0.5,0.5,0.699772497734611
188,47,0.0,0,1,0.357,0.5,0.5,0.699772497734611
188,48,0.0,0,1,0.357,0.5,0.5,0.699772497734611
188,49,0.0,0,1,0.357,0.5,0.5,0.699772497734611
189,0,0.5805589706816602,1,0,0.357,0.5,0.5,0.699772497734611
189,1,1.2153371030752826,1,0,0.357,0.5,0.5,0.699772497734611
189,2,1.99358557872315,1,0,0.357,0.5,0.5,0.699772497734611
189,3,0.0,0,1,0.357,0.5,0.5,0.699772497734611
189,4,0.0,0,1,0.357,0.5,0.5,0.699772497734611
189,5,0.0,0,1,0.357,0.5,0.5,0.699772497734611
189,6,0.0,0,1,0.357,0.5,0.5,0.699772497734611
189,7,0.0,0,1,0.357,0.5,0.5,0.699772497734611
189,8,0.0,0,1,0.357,0.5,0.5,0.699772497734611
189,9,0.0,0,1,0.357,0.5,0.5,0.699772497734611
189,10,0.0,0,1,0.357,0.5,0.5,0.699772497734611
189,11,0.06167263551424405,1,0,0.357,0.5,0.5,0.699772497734611
189,12,0.0,0,1,0.357,0.5,0.5,0.699772497734611
189,13,0.0,0,1,0.357,0.5,0.5,0.699772497734611
189,14,1.9037597469875334,1,0,0.357,0.5,0.5,0.699772497734611
189,15,0.0,0,1,0.357,0.5,0.5,0.699772497734611
189,16,0.016882614001553182,1,0,0.357,0.5,0.5,0.699772497734611
189,17,1.6177766203840531,1,0,0.357,0.5,0.5,0.699772497734611
189,18,0.0,0,1,0.357,0.5,0.5,0.699772497734611
189,19,1.921615097624345,1,0,0.357,0.5,0.5,0.699772497734611
189,20,0.0,0,1,0.357,0.5,0.5,0.699772497734611
189,21,0.0,0,1,0.357,0.5,0.5,0.699772497734611
189,22,0.0,0,1,0.357,0.5,0.5,0.699772497734611
189,23,0.0,0,1,0.357,0.5,0.5,0.699772497734611
189,24,0.0,0,1,0.357,0.5,0.5,0.699772497734611
189,25,0.0,0,1,0.357,0.5,0.5,0.699772497734611
189,26,0.0,0,1,0.357,0.5,0.5,0.699772497734611
189,27,0.0,0,1,0.357,0.5,0.5,0.699772497734611
189,28,0.0,0,1,0.357,0.5,0.5,0.699772497734611
189,29,0.0,0,1,0.357,0.5,0.5,0.699772497734611
189,30,0.0,0,1,0.357,0.5,0.5,0.699772497734611
189,31,0.0,0,1,0.357,0.5,0.5,0.699772497734611
189,32,0.023410590073413357,1,0,0.357,0.5,0.5,0.699772497734611
189,33,0.0,0,1,0.357,0.5,0.5,0.699772497734611
189,34,0.0,0,1,0.357,0.5,0.5,0.699772497734611
189,35,0.0,0,1,0.357,0.5,0.5,0.699772497734611
189,36,0.0,0,1,0.357,0.5,0.5,0.699772497734611
189,37,0.011341169577935654,1,0,0.357,0.5,0.5,0.699772497734611
189,38,0.0,0,1,0.357,0.5,0.5,0.699772497734611
189,39,0.0,0,1,0.357,0.5,0.5,0.699772497734611
189,40,0.0,0,1,0.357,0.5,0.5,0.699772497734611
189,41,0.0,0,1,0.357,0.5,0.5,0.699772497734611
189,42,0.0,0,1,0.357,0.5,0.5,0.699772497734611
189,43,0.0,0,1,0.357,0.5,0.5,0.699772497734611
189,44,0.0,0,1,0.357,0.5,0.5,0.699772497734611
189,45,0.0,0,1,0.357,0.5,0.5,0.699772497734611
189,46,0.0,0,1,0.357,0.5,0.5,0.699772497734611
189,47,0.7464729071547928,1,0,0.357,0.5,0.5,0.699772497734611
189,48,0.0,0,1,0.357,0.5,0.5,0.699772497734611
189,49,0.013069990914320014,1,0,0.357,0.5,0.5,0.699772497734611
190,0,0.0,0,1,0.357,0.5,0.5,0.699772497734611
190,1,0.0,0,1,0.357,0.5,0.5,0.699772497734611
190,2,0.0,0,1,0.357,0.5,0.5,0.699772497734611
190,3,0.0,0,1,0.357,0.5,0.5,0.699772497734611
190,4,0.0,0,1,0.357,0.5,0.5,0.699772497734611
190,5,0.0,0,1,0.357,0.5,0.5,0.699772497734611
190,6,0.01617848578534018,1,0,0.357,0.5,0.5,0.699772497734611
190,7,0.0,0,1,0.357,0.5,0.5,0.699772497734611
190,8,0.0,0,1,0.357,0.5,0.5,0.699772497734611
190,9,0.0,0,1,0.357,0.5,0.5,0.699772497734611
190,10,5.00343819243398,2,0,0.357,0.5,0.5,0.699772497734611
190,11,0.0,0,1,0.357,0.5,0.5,0.699772497734611
190,12,0.0,0,1,0.357,0.5,0.5,0.699772497734611
190,13,0.8383953595380385,1,0,0.357,0.5,0.5,0.699772497734611
190,14,0.0,0,1,0.357,0.5,0.5,0.699772497734611
190,15,1.876136987922245,1,0,0.357,0.5,0.5,0.699772497734611
190,16,2.271179316359456,1,0,0.357,0.5,0.5,0.699772497734611
190,17,0.0,0,1,0.357,0.5,0.5,0.699772497734611
190,18,0.4118314812695118,1,0,0.357,0.5,0.5,0.699772497734611
190,19,0.075793685127369,1,0,0.357,0.5,0.5,0.699772497734611
190,20,0.0,0,1,0.357,0.5,0.5,0.699772497734611
190,21,0.7223865559708064,2,0,0.357,0.5,0.5,0.699772497734611
190,22,0.0,0,1,0.357,0.5,0.5,0.699772497734611
190,23,0.6571807342215451,1,0,0.357,0.5,0.5,0.699772497734611
190,24,1.7463353357867097,1,0,0.357,0.5,0.5,0.699772497734611
190,25,0.0,0,1,0.357,0.5,0.5,0.699772497734611
190,26,0.0,0,1,0.357,0.5,0.5,0.699772497734611
190,27,0.0,0,1,0.357,0.5,0.5,0.699772497734611
190,28,0.0,0,1,0.357,0.5,0.5,0.699772497734611
190,29,0.0,0,1,0.357,0.5,0.5,0.699772497734611
190,30,0.0,0,1,0.357,0.5,0.5,0.699772497734611
190,31,4.030608627228023,1,0,0.357,0.5,0.5,0.699772497734611
190,32,0.0,0,1,0.357,0.5,0.5,0.699772497734611
190,33,0.05483589653858157,1,0,0.357,0.5,0.5,0.699772497734611
190,34,0.0,0,1,0.357,0.5,0.5,0.699772497734611
190,35,0.0,0,1,0.357,0.5,0.5,0.699772497734611
190,36,0.0,0,1,0.357,0.5,0.5,0.699772497734611
190,37,0.0,0,1,0.357,0.5,0.5,0.699772497734611
190,38,0.0,0,1,0.357,0.5,0.5,0.699772497734611
190,39,0.0,0,1,0.357,0.5,0.5,0.699772497734611
190,40,0.0,0,1,0.357,0.5,0.5,0.699772497734611
190,41,4.759207114250991,1,0,0.357,0.5,0.5,0.699772497734611
190,42,0.0,0,1,0.357,0.5,0.5,0.699772497734611
190,43,0.0,0,1,0.357,0.5,0.5,0.699772497734611
190,44,0.0,0,1,0.357,0.5,0.5,0.699772497734611
190,45,3.2923762963047123,1,0,0.357,0.5,0.5,0.699772497734611
190,46,0.8492338807988385,1,0,0.357,0.5,0.5,0.699772497734611
190,47,0.0,0,1,0.357,0.5,0.5,0.699772497734611
190,48,0.0,0,1,0.357,0.5,0.5,0.699772497734611
190,49,0.18394954981173725,1,0,0.357,0.5,0.5,0.699772497734611
191,0,0.0,0,1,0.357,0.5,0.5,0.699772497734611
191,1,0.0,0,1,0.357,0.5,0.5,0.699772497734611
191,2,1.400059094111221,1,0,0.357,0.5,0.5,0.699772497734611
191,3,3.956307910700977,2,0,0.357,0.5,0.5,0.699772497734611
191,4,0.0,0,1,0.357,0.5,0.5,0.699772497734611
191,5,0.0,0,1,0.357,0.5,0.5,0.699772497734611
191,6,0.0,0,1,0.357,0.5,0.5,0.699772497734611
191,7,0.02206996689438304,1,0,0.357,0.5,0.5,0.699772497734611
191,8,0.0,0,1,0.357,0.5,0.5,0.699772497734611
191,9,1.1036193393854639,2,0,0.357,0.5,0.5,0.699772497734611
191,10,0.0,0,1,0.357,0.5,0.5,0.699772497734611
191,11,0.0,0,1,0.357,0.5,0.5,0.699772497734611
191,12,0.429042458752482,1,0,0.357,0.5,0.5,0.699772497734611
191,13,0.5137665938696208,1,0,0.357,0.5,0.5,0.699772497734611
191,14,0.0,0,1,0.357,0.5,0.5,0.699772497734611
191,15,0.0,0,1,0.357,0.5,0.5,0.699772497734611
191,16,0.0,0,1,0.357,0.5,0.5,0.699772497734611
191,17,0.26953951942643284,1,0,0.357,0.5,0.5,0.699772497734611
191,18,0.0,0,1,0.357,0.5,0.5,0.699772497734611
191,19,0.0,0,1,0.357,0.5,0.5,0.699772497734611
191,20,0.0,0,1,0.357,0.5,0.5,0.699772497734611
191,21,0.0,0,1,0.357,0.5,0.5,0.699772497734611
191,22,0.0,0,1,0.357,0.5,0.5,0.699772497734611
191,23,0.0,0,1,0.357,0.5,0.5,0.699772497734611
191,24,0.0,0,1,0.357,0.5,0.5,0.699772497734611
191,25,0.0,0,1,0.357,0.5,0.5,0.699772497734611
191,26,0.10610365482720464,1,0,0.357,0.5,0.5,0.699772497734611
191,27,0.0,0,1,0.357,0.5,0.5,0.699772497734611
191,28,0.0,0,1,0.357,0.5,0.5,0.699772497734611
191,29,7.192767615251783,2,0,0.357,0.5,0.5,0.699772497734611
191,30,0.37811520981361496,1,0,0.357,0.5,0.5,0.699772497734611
191,31,3.032350250216863,1,0,0.357,0.5,0.5,0.699772497734611
191,32,0.0,0,1,0.357,0.5,0.5,0.699772497734611
191,33,0.0019248367253976509,1,0,0.357,0.5,0.5,0.699772497734611
191,34,0.0,0,1,0.357,0.5,0.5,0.699772497734611
191,35,0.0,0,1,0.357,0.5,0.5,0.699772497734611
191,36,0.0,0,1,0.357,0.5,0.5,0.699772497734611
191,37,4.9166942535803395,2,0,0.357,0.5,0.5,0.699772497734611
191,38,0.0,0,1,0.357,0.5,0.5,0.699772497734611
191,39,0.0,0,1,0.357,0.5,0.5,0.699772497734611
191,40,0.0,0,1,0.357,0.5,0.5,0.699772497734611
191,41,1.8830014857679802,1,0,0.357,0.5,0.5,0.699772497734611
191,42,0.0,0,1,0.357,0.5,0.5,0.699772497734611
191,43,0.1345715747588864,1,0,0.357,0.5,0.5,0.699772497734611
191,44,1.2008241853601833,1,0,0.357,0.5,0.5,0.699772497734611
191,45,0.17016008107176486,1,0,0.357,0.5,0.5,0.699772497734611
191,46,0.0,0,1,0.357,0.5,0.5,0.699772497734611
191,47,1.3345066460046726,1,0,0.357,0.5,0.5,0.699772497734611
191,48,0.0,0,1,0.357,0.5,0.5,0.699772497734611
191,49,0.0,0,1,0.357,0.5,0.5,0.699772497734611
192,0,0.0,0,1,0.357,0.5,0.5,0.699772497734611
192,1,0.0,0,1,0.357,0.5,0.5,0.699772497734611
192,2,0.0,0,1,0.357,0.5,0.5,0.699772497734611
192,3,0.0,0,1,0.357,0.5,0.5,0.699772497734611
192,4,0.06730342624020372,1,0,0.357,0.5,0.5,0.699772497734611
192,5,0.0,0,1,0.357,0.5,0.5,0.699772497734611
192,6,0.0,0,1,0.357,0.5,0.5,0.699772497734611
192,7,0.0,0,1,0.357,0.5,0.5,0.699772497734611
192,8,0.0,0,1,0.357,0.5,0.5,0.699772497734611
192,9,0.0,0,1,0.357,0.5,0.5,0.699772497734611
192,10,0.0,0,1,0.357,0.5,0.5,0.699772497734611
192,11,0.0,0,1,0.357,0.5,0.5,0.699772497734611
192,12,0.10659889876305764,1,0,0.357,0.5,0.5,0.699772497734611
192,13,0.0,0,1,0.357,0.5,0.5,0.699772497734611
192,14,0.0,0,1,0.357,0.5,0.5,0.699772497734611
192,15,0.0,0,1,0.357,0.5,0.5,0.699772497734611
192,16,0.16693733454104612,3,0,0.357,0.5,0.5,0.699772497734611
192,17,0.0,0,1,0.357,0.5,0.5,0.699772497734611
192,18,0.0,0,1,0.357,0.5,0.5,0.699772497734611
192,19,0.0,0,1,0.357,0.5,0.5,0.699772497734611
192,20,0.0,0,1,0.357,0.5,0.5,0.699772497734611
192,21,0.0,0,1,0.357,0.5,0.5,0.699772497734611
192,22,0.17698855630453542,1,0,0.357,0.5,0.5,0.699772497734611
192,23,0.0,0,1,0.357,0.5,0.5,0.699772497734611
192,24,0.0,0,1,0.357,0.5,0.5,0.699772497734611
192,25,0.0,0,1,0.357,0.5,0.5,0.699772497734611
192,26,0.27644213902845266,2,0,0.357,0.5,0.5,0.699772497734611
192,27,0.5322041555598785,1,0,0.357,0.5,0.5,0.699772497734611
192,28,0.0,0,1,0.357,0.5,0.5,0.699772497734611
192,29,0.0,0,1,0.357,0.5,0.5,0.699772497734611
192,30,0.0,0,1,0.357,0.5,0.5,0.699772497734611
192,31,0.0,0,1,0.357,0.5,0.5,0.699772497734611
192,32,0.0,0,1,0.357,0.5,0.5,0.699772497734611
192,33,0.045039124542778135,1,0,0.357,0.5,0.5,0.699772497734611
192,34,0.0,0,1,0.357,0.5,0.5,0.699772497734611
192,35,0.5007778841770398,1,0,0.357,0.5,0.5,0.699772497734611
192,36,0.0,0,1,0.357,0.5,0.5,0.699772497734611
192,37,0.0,0,1,0.357,0.5,0.5,0.699772497734611
192,38,0.0,0,1,0.357,0.5,0.5,0.699772497734611
192,39,0.0,0,1,0.357,0.5,0.5,0.699772497734611
192,40,0.0,0,1,0.357,0.5,0.5,0.699772497734611
192,41,0.1947950165978841,1,0,0.357,0.5,0.5,0.699772497734611
192,42,0.0,0,1,0.357,0.5,0.5,0.699772497734611
192,43,0.0,0,1,0.357,0.5,0.5,0.699772497734611
192,44,0.0,0,1,0.357,0.5,0.5,0.699772497734611
192,45,0.36368427495751027,1,0,0.357,0.5,0.5,0.699772497734611
192,46,0.0,0,1,0.357,0.5,0.5,0.699772497734611
192,47,0.0,0,1,0.357,0.5,0.5,0.699772497734611
192,48,0.45157984487752545,2,0,0.357,0.5,0.5,0.699772497734611
192,49,0.0,0,1,0.357,0.5,0.5,0.699772497734611
193,0,1.2613647532212287,1,0,0.357,0.5,0.5,0.699772497734611
193,1,0.0,0,1,0.357,0.5,0.5,0.699772497734611
193,2,0.30817145835643434,1,0,0.357,0.5,0.5,0.699772497734611
193,3,0.04110602228050398,1,0,0.357,0.5,0.5,0.699772497734611
193,4,0.0,0,1,0.357,0.5,0.5,0.699772497734611
193,5,0.0,0,1,0.357,0.5,0.5,0.699772497734611
193,6,0.1167055300427541,1,0,0.357,0.5,0.5,0.699772497734611
193,7,6.295333399690795,1,0,0.357,0.5,0.5,0.699772497734611
193,8,0.17762599983191388,1,0,0.357,0.5,0.5,0.699772497734611
193,9,1.0957371925041595,1,0,0.357,0.5,0.5,0.699772497734611
193,10,0.0,0,1,0.357,0.5,0.5,0.699772497734611
193,11,0.006473521821910484,1,0,0.357,0.5,0.5,0.699772497734611
193,12,0.20731476378217237,1,0,0.357,0.5,0.5,0.699772497734611
193,13,0.00010027830377554247,1,0,0.357,0.5,0.5,0.699772497734611
193,14,0.0,0,1,0.357,0.5,0.5,0.699772497734611
193,15,0.10369407310975917,1,0,0.357,0.5,0.5,0.699772497734611
193,16,0.06058124766193673,1,0,0.357,0.5,0.5,0.699772497734611
193,17,0.0,0,1,0.357,0.5,0.5,0.699772497734611
193,18,0.0,0,1,0.357,0.5,0.5,0.699772497734611
193,19,0.0,0,1,0.357,0.5,0.5,0.699772497734611
193,20,1.0382965148575118,1,0,0.357,0.5,0.5,0.699772497734611
193,21,0.010124786855764888,1,0,0.357,0.5,0.5,0.699772497734611
193,22,0.0,0,1,0.357,0.5,0.5,0.699772497734611
193,23,0.0,0,1,0.357,0.5,0.5,0.699772497734611
193,24,0.0,0,1,0.357,0.5,0.5,0.699772497734611
193,25,0.24701320239349747,1,0,0.357,0.5,0.5,0.699772497734611
193,26,0.07493974588813071,1,0,0.357,0.5,0.5,0.699772497734611
193,27,0.0,0,1,0.357,0.5,0.5,0.699772497734611
193,28,0.12911584927468536,2,0,0.357,0.5,0.5,0.699772497734611
193,29,0.0,0,1,0.357,0.5,0.5,0.699772497734611
193,30,0.0,0,1,0.357,0.5,0.5,0.699772497734611
193,31,0.015455502752349389,2,0,0.357,0.5,0.5,0.699772497734611
193,32,0.0,0,1,0.357,0.5,0.5,0.699772497734611
193,33,0.0,0,1,0.357,0.5,0.5,0.699772497734611
193,34,0.0,0,1,0.357,0.5,0.5,0.699772497734611
193,35,2.5512057824026657,1,0,0.357,0.5,0.5,0.699772497734611
193,36,0.0,0,1,0.357,0.5,0.5,0.699772497734611
193,37,0.0,0,1,0.357,0.5,0.5,0.699772497734611
193,38,0.0,0,1,0.357,0.5,0.5,0.699772497734611
193,39,0.0,0,1,0.357,0.5,0.5,0.699772497734611
193,40,0.0,0,1,0.357,0.5,0.5,0.699772497734611
193,41,0.0,0,1,0.357,0.5,0.5,0.699772497734611
193,42,0.0,0,1,0.357,0.5,0.5,0.699772497734611
193,43,0.0,0,1,0.357,0.5,0.5,0.699772497734611
193,44,0.10306578950299382,1,0,0.357,0.5,0.5,0.699772497734611
193,45,0.0,0,1,0.357,0.5,0.5,0.699772497734611
193,46,5.90606340052798,1,0,0.357,0.5,0.5,0.699772497734611
193,47,0.0,0,1,0.357,0.5,0.5,0.699772497734611
193,48,0.0,0,1,0.357,0.5,0.5,0.699772497734611
193,49,0.0,0,1,0.357,0.5,0.5,0.699772497734611
194,0,0.0,0,1,0.357,0.5,0.5,0.699772497734611
194,1,0.12292404551646698,1,0,0.357,0.5,0.5,0.699772497734611
194,2,0.0008166196598481339,1,0,0.357,0.5,0.5,0.699772497734611
194,3,0.0,0,1,0.357,0.5,0.5,0.699772497734611
194,4,0.0,0,1,0.357,0.5,0.5,0.699772497734611
194,5,0.0,0,1,0.357,0.5,0.5,0.699772497734611
194,6,0.5401584594027363,2,0,0.357,0.5,0.5,0.699772497734611
194,7,0.0,0,1,0.357,0.5,0.5,0.699772497734611
194,8,0.0,0,1,0.357,0.5,0.5,0.699772497734611
194,9,0.7541122420720231,1,0,0.357,0.5,0.5,0.699772497734611
194,10,0.0,0,1,0.357,0.5,0.5,0.699772497734611
194,11,1.1761406106025272,1,0,0.357,0.5,0.5,0.699772497734611
194,12,0.9643162545903801,1,0,0.357,0.5,0.5,0.699772497734611
194,13,0.0,0,1,0.357,0.5,0.5,0.699772497734611
194,14,0.0,0,1,0.357,0.5,0.5,0.699772497734611
194,15,1.9353125673915963,2,0,0.357,0.5,0.5,0.699772497734611
194,16,0.0,0,1,0.357,0.5,0.5,0.699772497734611
194,17,0.0,0,1,0.357,0.5,0.5,0.699772497734611
194,18,0.0,0,1,0.357,0.5,0.5,0.699772497734611
194,19,0.0,0,1,0.357,0.5,0.5,0.699772497734611
194,20,0.20145501179852013,2,0,0.357,0.5,0.5,0.699772497734611
194,21,0.0,0,1,0.357,0.5,0.5,0.699772497734611
194,22,0.0,0,1,0.357,0.5,0.5,0.699772497734611
194,23,0.11810369744523562,1,0,0.357,0.5,0.5,0.699772497734611
194,24,0.0,0,1,0.357,0.5,0.5,0.699772497734611
194,25,8.009560125337712,2,0,0.357,0.5,0.5,0.699772497734611
194,26,0.0,0,1,0.357,0.5,0.5,0.699772497734611
194,27,0.0,0,1,0.357,0.5,0.5,0.699772497734611
194,28,0.1307512955489038,1,0,0.357,0.5,0.5,0.699772497734611
194,29,0.019678826391986926,1,0,0.357,0.5,0.5,0.699772497734611
194,30,0.0,0,1,0.357,0.5,0.5,0.699772497734611
194,31,0.0,0,1,0.357,0.5,0.5,0.699772497734611
194,32,0.0,0,1,0.357,0.5,0.5,0.699772497734611
194,33,0.0,0,1,0.357,0.5,0.5,0.699772497734611
194,34,0.0,0,1,0.357,0.5,0.5,0.699772497734611
194,35,0.0,0,1,0.357,0.5,0.5,0.699772497734611
194,36,0.0,0,1,0.357,0.5,0.5,0.699772497734611
194,37,0.0,0,1,0.357,0.5,0.5,0.699772497734611
194,38,0.0,0,1,0.357,0.5,0.5,0.699772497734611
194,39,0.0,0,1,0.357,0.5,0.5,0.699772497734611
194,40,0.004480619752541822,1,0,0.357,0.5,0.5,0.699772497734611
194,41,0.0,0,1,0.357,0.5,0.5,0.699772497734611
194,42,0.0,0,1,0.357,0.5,0.5,0.699772497734611
194,43,0.0,0,1,0.357,0.5,0.5,0.699772497734611
194,44,0.0,0,1,0.357,0.5,0.5,0.699772497734611
194,45,0.0,0,1,0.357,0.5,0.5,0.699772497734611
194,46,1.2231722689503053,1,0,0.357,0.5,0.5,0.699772497734611
194,47,0.011483784956958246,1,0,0.357,0.5,0.5,0.699772497734611
194,48,1.4511721699091302,1,0,0.357,0.5,0.5,0.699772497734611
194,49,0.006325702481680395,1,0,0.357,0.5,0.5,0.699772497734611
195,0,0.0,0,1,0.357,0.5,0.5,0.699772497734611
195,1,2.538365200723154,1,0,0.357,0.5,0.5,0.699772497734611
195,2,0.0,0,1,0.357,0.5,0.5,0.699772497734611
195,3,0.0,0,1,0.357,0.5,0.5,0.699772497734611
195,4,0.0,0,1,0.357,0.5,0.5,0.699772497734611
195,5,4.005899525170489,2,0,0.357,0.5,0.5,0.699772497734611
195,6,0.15228363165107586,1,0,0.357,0.5,0.5,0.699772497734611
195,7,0.0,0,1,0.357,0.5,0.5,0.699772497734611
195,8,0.0,0,1,0.357,0.5,0.5,0.699772497734611
195,9,0.0,0,1,0.357,0.5,0.5,0.699772497734611
195,10,6.26752262138099,2,0,0.357,0.5,0.5,0.699772497734611
195,11,0.023237061344429023,1,0,0.357,0.5,0.5,0.699772497734611
195,12,0.0,0,1,0.357,0.5,0.5,0.699772497734611
195,13,0.0,0,1,0.357,0.5,0.5,0.699772497734611
195,14,0.0,0,1,0.357,0.5,0.5,0.699772497734611
195,15,0.0,0,1,0.357,0.5,0.5,0.699772497734611
195,16,0.0,0,1,0.357,0.5,0.5,0.699772497734611
195,17,0.0,0,1,0.357,0.5,0.5,0.699772497734611
195,18,0.0,0,1,0.357,0.5,0.5,0.699772497734611
195,19,0.4527196479017077,1,0,0.357,0.5,0.5,0.699772497734611
195,20,0.0075892764068033695,1,0,0.357,0.5,0.5,0.699772497734611
195,21,0.0,0,1,0.357,0.5,0.5,0.699772497734611
195,22,0.0,0,1,0.357,0.5,0.5,0.699772497734611
195,23,3.1792721882069515,2,0,0.357,0.5,0.5,0.699772497734611
195,24,0.0,0,1,0.357,0.5,0.5,0.699772497734611
195,25,0.0,0,1,0.357,0.5,0.5,0.699772497734611
195,26,0.1913768515245764,2,0,0.357,0.5,0.5,0.699772497734611
195,27,0.0,0,1,0.357,0.5,0.5,0.699772497734611
195,28,0.0,0,1,0.357,0.5,0.5,0.699772497734611
195,29,0.0,0,1,0.357,0.5,0.5,0.699772497734611
195,30,0.0,0,1,0.357,0.5,0.5,0.699772497734611
195,31,0.0,0,1,0.357,0.5,0.5,0.699772497734611
195,32,0.0,0,1,0.357,0.5,0.5,0.699772497734611
195,33,0.0,0,1,0.357,0.5,0.5,0.699772497734611
195,34,0.0,0,1,0.357,0.5,0.5,0.699772497734611
195,35,0.0,0,1,0.357,0.5,0.5,0.699772497734611
195,36,4.063006256326923,1,0,0.357,0.5,0.5,0.699772497734611
195,37,3.4383885120243725,1,0,0.357,0.5,0.5,0.699772497734611
195,38,1.769384795353344,2,0,0.357,0.5,0.5,0.699772497734611
195,39,0.0,0,1,0.357,0.5,0.5,0.699772497734611
195,40,0.0,0,1,0.357,0.5,0.5,0.699772497734611
195,41,0.0,0,1,0.357,0.5,0.5,0.699772497734611
195,42,0.41865288434860787,1,0,0.357,0.5,0.5,0.699772497734611
195,43,1.1586146961843717,1,0,0.357,0.5,0.5,0.699772497734611
195,44,0.0,0,1,0.357,0.5,0.5,0.699772497734611
195,45,4.031177036360741,1,0,0.357,0.5,0.5,0.699772497734611
195,46,2.5680468853191236,1,0,0.357,0.5,0.5,0.699772497734611
195,47,0.0,0,1,0.357,0.5,0.5,0.699772497734611
195,48,1.6999403219424898,2,0,0.357,0.5,0.5,0.699772497734611
195,49,0.0,0,1,0.357,0.5,0.5,0.699772497734611
196,0,0.0,0,1,0.357,0.5,0.5,0.699772497734611
196,1,0.0,0,1,0.357,0.5,0.5,0.699772497734611
196,2,0.0,0,1,0.357,0.5,0.5,0.699772497734611
196,3,0.08516889790596269,1,0,0.357,0.5,0.5,0.699772497734611
196,4,0.0,0,1,0.357,0.5,0.5,0.699772497734611
196,5,0.0,0,1,0.357,0.5,0.5,0.699772497734611
196,6,0.3454300329546952,1,0,0.357,0.5,0.5,0.699772497734611
196,7,0.0,0,1,0.357,0.5,0.5,0.699772497734611
196,8,0.0,0,1,0.357,0.5,0.5,0.699772497734611
196,9,0.0,0,1,0.357,0.5,0.5,0.699772497734611
196,10,0.0,0,1,0.357,0.5,0.5,0.699772497734611
196,11,0.0,0,1,0.357,0.5,0.5,0.699772497734611
196,12,0.0,0,1,0.357,0.5,0.5,0.699772497734611
196,13,0.10889022463278591,1,0,0.357,0.5,0.5,0.699772497734611
196,14,0.007012682529422593,1,0,0.357,0.5,0.5,0.699772497734611
196,15,0.28782933966077656,1,0,0.357,0.5,0.5,0.699772497734611
196,16,0.0926924929851658,2,0,0.357,0.5,0.5,0.699772497734611
196,17,0.31765187108885745,1,0,0.357,0.5,0.5,0.699772497734611
196,18,0.04486512504528183,1,0,0.357,0.5,0.5,0.699772497734611
196,19,3.233123866950875,1,0,0.357,0.5,0.5,0.699772497734611
196,20,2.9039612170268443,1,0,0.357,0.5,0.5,0.699772497734611
196,21,1.8056182994254586,3,0,0.357,0.5,0.5,0.699772497734611
196,22,0.0,0,1,0.357,0.5,0.5,0.699772497734611
196,23,0.0,0,1,0.357,0.5,0.5,0.699772497734611
196,24,0.0,0,1,0.357,0.5,0.5,0.699772497734611
196,25,0.0021361235566067236,1,0,0.357,0.5,0.5,0.699772497734611
196,26,0.0,0,1,0.357,0.5,0.5,0.699772497734611
196,27,0.0,0,1,0.357,0.5,0.5,0.699772497734611
196,28,2.595095204001862,1,0,0.357,0.5,0.5,0.699772497734611
196,29,0.0,0,1,0.357,0.5,0.5,0.699772497734611
196,30,0.0,0,1,0.357,0.5,0.5,0.699772497734611
196,31,0.0,0,1,0.357,0.5,0.5,0.699772497734611
196,32,0.0,0,1,0.357,0.5,0.5,0.699772497734611
196,33,0.0,0,1,0.357,0.5,0.5,0.699772497734611
196,34,0.30081451591972663,1,0,0.357,0.5,0.5,0.699772497734611
196,35,0.0,0,1,0.357,0.5,0.5,0.699772497734611
196,36,0.0,0,1,0.357,0.5,0.5,0.699772497734611
196,37,0.007754272882803258,1,0,0.357,0.5,0.5,0.699772497734611
196,38,0.0,0,1,0.357,0.5,0.5,0.699772497734611
196,39,0.0,0,1,0.357,0.5,0.5,0.699772497734611
196,40,0.0,0,1,0.357,0.5,0.5,0.699772497734611
196,41,0.0,0,1,0.357,0.5,0.5,0.699772497734611
196,42,0.29726565054152776,1,0,0.357,0.5,0.5,0.699772497734611
196,43,0.0013812407825813373,1,0,0.357,0.5,0.5,0.699772497734611
196,44,0.0,0,1,0.357,0.5,0.5,0.699772497734611
196,45,0.19963422748760382,1,0,0.357,0.5,0.5,0.699772497734611
196,46,0.0,0,1,0.357,0.5,0.5,0.699772497734611
196,47,0.0,0,1,0.357,0.5,0.5,0.699772497734611
196,48,0.0,0,1,0.357,0.5,0.5,0.699772497734611
196,49,0.0,0,1,0.357,0.5,0.5,0.699772497734611
197,0,0.06159614840039688,1,0,0.357,0.5,0.5,0.699772497734611
197,1,0.0,0,1,0.357,0.5,0.5,0.699772497734611
197,2,0.0,0,1,0.357,0.5,0.5,0.699772497734611
197,3,2.331130476905535,2,0,0.357,0.5,0.5,0.699772497734611
197,4,0.0,0,1,0.357,0.5,0.5,0.699772497734611
197,5,0.4126016261753551,1,0,0.357,0.5,0.5,0.699772497734611
197,6,0.7172381076539344,1,0,0.357,0.5,0.5,0.699772497734611
197,7,0.0,0,1,0.357,0.5,0.5,0.699772497734611
197,8,0.0,0,1,0.357,0.5,0.5,0.699772497734611
197,9,0.02363516659207179,1,0,0.357,0.5,0.5,0.699772497734611
197,10,3.543444612987557e-05,1,0,0.357,0.5,0.5,0.699772497734611
197,11,0.0,0,1,0.357,0.5,0.5,0.699772497734611
197,12,0.0,0,1,0.357,0.5,0.5,0.699772497734611
197,13,0.0,0,1,0.357,0.5,0.5,0.699772497734611
197,14,0.0,0,1,0.357,0.5,0.5,0.699772497734611
197,15,0.0,0,1,0.357,0.5,0.5,0.699772497734611
197,16,0.0,0,1,0.357,0.5,0.5,0.699772497734611
197,17,0.0,0,1,0.357,0.5,0.5,0.699772497734611
197,18,0.0,0,1,0.357,0.5,0.5,0.699772497734611
197,19,4.994215085506984,1,0,0.357,0.5,0.5,0.699772497734611
197,20,0.0,0,1,0.357,0.5,0.5,0.699772497734611
197,21,1.862881805110912,1,0,0.357,0.5,0.5,0.699772497734611
197,22,0.0,0,1,0.357,0.5,0.5,0.699772497734611
197,23,0.0,0,1,0.357,0.5,0.5,0.699772497734611
197,24,0.0,0,1,0.357,0.5,0.5,0.699772497734611
197,25,0.0,0,1,0.357,0.5,0.5,0.699772497734611
197,26,0.0,0,1,0.357,0.5,0.5,0.699772497734611
197,27,0.0,0,1,0.357,0.5,0.5,0.699772497734611
197,28,0.0,0,1,0.357,0.5,0.5,0.699772497734611
197,29,0.0,0,1,0.357,0.5,0.5,0.699772497734611
197,30,0.0,0,1,0.357,0.5,0.5,0.699772497734611
197,31,0.0,0,1,0.357,0.5,0.5,0.699772497734611
197,32,0.0,0,1,0.357,0.5,0.5,0.699772497734611
197,33,0.0,0,1,0.357,0.5,0.5,0.699772497734611
197,34,0.0,0,1,0.357,0.5,0.5,0.699772497734611
197,35,0.0,0,1,0.357,0.5,0.5,0.699772497734611
197,36,0.0,0,1,0.357,0.5,0.5,0.699772497734611
197,37,0.012801579739381464,1,0,0.357,0.5,0.5,0.699772497734611
197,38,0.0,0,1,0.357,0.5,0.5,0.699772497734611
197,39,0.0,0,1,0.357,0.5,0.5,0.699772497734611
197,40,1.1681419983953183,1,0,0.357,0.5,0.5,0.699772497734611
197,41,0.0,0,1,0.357,0.5,0.5,0.699772497734611
197,42,0.0,0,1,0.357,0.5,0.5,0.699772497734611
197,43,0.0,0,1,0.357,0.5,0.5,0.699772497734611
197,44,0.0,0,1,0.357,0.5,0.5,0.699772497734611
197,45,0.0,0,1,0.357,0.5,0.5,0.699772497734611
197,46,0.0,0,1,0.357,0.5,0.5,0.699772497734611
197,47,0.0,0,1,0.357,0.5,0.5,0.699772497734611
197,48,0.0,0,1,0.357,0.5,0.5,0.699772497734611
197,49,0.0,0,1,0.357,0.5,0.5,0.699772497734611
198,0,0.007462349257576715,1,0,0.357,0.5,0.5,0.699772497734611
198,1,7.739881930602795e-05,1,0,0.357,0.5,0.5,0.699772497734611
198,2,2.5483677798349142,1,0,0.357,0.5,0.5,0.699772497734611
198,3,1.472121806261106,1,0,0.357,0.5,0.5,0.699772497734611
198,4,0.0,0,1,0.357,0.5,0.5,0.699772497734611
198,5,0.0,0,1,0.357,0.5,0.5,0.699772497734611
198,6,1.9698444930348697,1,0,0.357,0.5,0.5,0.699772497734611
198,7,0.4878874900803514,1,0,0.357,0.5,0.5,0.699772497734611
198,8,0.0,0,1,0.357,0.5,0.5,0.699772497734611
198,9,0.0,0,1,0.357,0.5,0.5,0.699772497734611
198,10,0.0,0,1,0.357,0.5,0.5,0.699772497734611
198,11,0.07476367671116255,1,0,0.357,0.5,0.5,0.699772497734611
198,12,0.0,0,1,0.357,0.5,0.5,0.699772497734611
198,13,0.0,0,1,0.357,0.5,0.5,0.699772497734611
198,14,0.0,0,1,0.357,0.5,0.5,0.699772497734611
198,15,0.0,0,1,0.357,0.5,0.5,0.699772497734611
198,16,0.0,0,1,0.357,0.5,0.5,0.699772497734611
198,17,0.0,0,1,0.357,0.5,0.5,0.699772497734611
198,18,0.0,0,1,0.357,0.5,0.5,0.699772497734611
198,19,0.0,0,1,0.357,0.5,0.5,0.699772497734611
198,20,0.0,0,1,0.357,0.5,0.5,0.699772497734611
198,21,0.0,0,1,0.357,0.5,0.5,0.699772497734611
198,22,0.0,0,1,0.357,0.5,0.5,0.699772497734611
198,23,0.0,0,1,0.357,0.5,0.5,0.699772497734611
198,24,0.0,0,1,0.357,0.5,0.5,0.699772497734611
198,25,0.8226560346402898,1,0,0.357,0.5,0.5,0.699772497734611
198,26,0.0,0,1,0.357,0.5,0.5,0.699772497734611
198,27,0.5026390321158853,1,0,0.357,0.5,0.5,0.699772497734611
198,28,0.0,0,1,0.357,0.5,0.5,0.699772497734611
198,29,0.894455655971614,1,0,0.357,0.5,0.5,0.699772497734611
198,30,0.2940317434998123,1,0,0.357,0.5,0.5,0.699772497734611
198,31,0.0,0,1,0.357,0.5,0.5,0.699772497734611
198,32,0.0,0,1,0.357,0.5,0.5,0.699772497734611
198,33,0.0,0,1,0.357,0.5,0.5,0.699772497734611
198,34,0.0,0,1,0.357,0.5,0.5,0.699772497734611
198,35,0.0,0,1,0.357,0.5,0.5,0.699772497734611
198,36,0.0,0,1,0.357,0.5,0.5,0.699772497734611
198,37,0.7835675938408458,1,0,0.357,0.5,0.5,0.699772497734611
198,38,0.0,0,1,0.357,0.5,0.5,0.699772497734611
198,39,0.0,0,1,0.357,0.5,0.5,0.699772497734611
198,40,0.0,0,1,0.357,0.5,0.5,0.699772497734611
198,41,0.0,0,1,0.357,0.5,0.5,0.699772497734611
198,42,0.0,0,1,0.357,0.5,0.5,0.699772497734611
198,43,0.0,0,1,0.357,0.5,0.5,0.699772497734611
198,44,2.5232660785265253,2,0,0.357,0.5,0.5,0.699772497734611
198,45,0.0,0,1,0.357,0.5,0.5,0.699772497734611
198,46,0.0,0,1,0.357,0.5,0.5,0.699772497734611
198,47,0.0,0,1,0.357,0.5,0.5,0.699772497734611
198,48,0.0,0,1,0.357,0.5,0.5,0.699772497734611
198,49,0.0,0,1,0.357,0.5,0.5,0.699772497734611
199,0,0.0,0,1,0.357,0.5,0.5,0.699772497734611
199,1,0.0,0,1,0.357,0.5,0.5,0.699772497734611
199,2,0.0,0,1,0.357,0.5,0.5,0.699772497734611
199,3,0.0,0,1,0.357,0.5,0.5,0.699772497734611
199,4,0.0,0,1,0.357,0.5,0.5,0.699772497734611
199,5,0.0,0,1,0.357,0.5,0.5,0.699772497734611
199,6,6.426971130981907,1,0,0.357,0.5,0.5,0.699772497734611
199,7,0.0,0,1,0.357,0.5,0.5,0.699772497734611
199,8,0.0,0,1,0.357,0.5,0.5,0.699772497734611
199,9,1.536663038677947,1,0,0.357,0.5,0.5,0.699772497734611
199,10,0.0,0,1,0.357,0.5,0.5,0.699772497734611
199,11,0.0,0,1,0.357,0.5,0.5,0.699772497734611
199,12,0.0,0,1,0.357,0.5,0.5,0.699772497734611
199,13,0.0,0,1,0.357,0.5,0.5,0.699772497734611
199,14,0.0,0,1,0.357,0.5,0.5,0.699772497734611
199,15,0.0,0,1,0.357,0.5,0.5,0.699772497734611
199,16,0.039531751667128606,1,0,0.357,0.5,0.5,0.699772497734611
199,17,0.0,0,1,0.357,0.5,0.5,0.699772497734611
199,18,1.8915024439888,1,0,0.357,0.5,0.5,0.699772497734611
199,19,0.895362981212485,1,0,0.357,0.5,0.5,0.699772497734611
199,20,0.0,0,1,0.357,0.5,0.5,0.699772497734611
199,21,3.7587090200006714,1,0,0.357,0.5,0.5,0.699772497734611
199,22,2.5209977015868144,1,0,0.357,0.5,0.5,0.699772497734611
199,23,0.0,0,1,0.357,0.5,0.5,0.699772497734611
199,24,0.1418040482139874,1,0,0.357,0.5,0.5,0.699772497734611
199,25,0.3358491503600752,1,0,0.357,0.5,0.5,0.699772497734611
199,26,0.0,0,1,0.357,0.5,0.5,0.699772497734611
199,27,0.4942012474860417,1,0,0.357,0.5,0.5,0.699772497734611
199,28,0.0,0,1,0.357,0.5,0.5,0.699772497734611
199,29,5.092084012904022,1,0,0.357,0.5,0.5,0.699772497734611
199,30,0.0,0,1,0.357,0.5,0.5,0.699772497734611
199,31,4.327831869355559,1,0,0.357,0.5,0.5,0.699772497734611
199,32,1.370211795274137,2,0,0.357,0.5,0.5,0.699772497734611
199,33,0.0,0,1,0.357,0.5,0.5,0.699772497734611
199,34,0.0,0,1,0.357,0.5,0.5,0.699772497734611
199,35,0.0,0,1,0.357,0.5,0.5,0.699772497734611
199,36,0.0,0,1,0.357,0.5,0.5,0.699772497734611
199,37,0.0,0,1,0.357,0.5,0.5,0.699772497734611
199,38,0.13180224326723514,1,0,0.357,0.5,0.5,0.699772497734611
199,39,0.0,0,1,0.357,0.5,0.5,0.699772497734611
199,40,0.0,0,1,0.357,0.5,0.5,0.699772497734611
199,41,0.0,0,1,0.357,0.5,0.5,0.699772497734611
199,42,0.0,0,1,0.357,0.5,0.5,0.699772497734611
199,43,0.0,0,1,0.357,0.5,0.5,0.699772497734611
199,44,0.0,0,1,0.357,0.5,0.5,0.699772497734611
199,45,0.0,0,1,0.357,0.5,0.5,0.699772497734611
199,46,0.0,0,1,0.357,0.5,0.5,0.699772497734611
199,47,0.0,0,1,0.357,0.5,0.5,0.699772497734611
199,48,0.0,0,1,0.357,0.5,0.5,0.699772497734611
199,49,0.0,0,1,0.357,0.5,0.5,0.699772497734611
